   0.3000  0.104278E+01  -.212425E+00  0.20371030
   0.3050  0.100972E+01  -.208941E+00  0.20692943
   0.3100  0.977639E+00  -.205225E+00  0.20991859
   0.3150  0.946313E+00  -.201418E+00  0.21284459
   0.3200  0.915932E+00  -.197421E+00  0.21554163
   0.3250  0.886499E+00  -.193262E+00  0.21800624
   0.3300  0.858023E+00  -.188968E+00  0.22023721
   0.3350  0.830673E+00  -.184476E+00  0.22207980
   0.3400  0.804267E+00  -.179912E+00  0.22369617
   0.3450  0.778630E+00  -.175380E+00  0.22524230
   0.3500  0.753921E+00  -.170814E+00  0.22656783
   0.3550  0.730287E+00  -.166163E+00  0.22753164
   0.3600  0.707544E+00  -.161527E+00  0.22829225
   0.3650  0.685666E+00  -.156919E+00  0.22885676
   0.3700  0.664636E+00  -.152352E+00  0.22922678
   0.3750  0.644301E+00  -.147897E+00  0.22954570
   0.3800  0.624778E+00  -.143500E+00  0.22968129
   0.3850  0.606170E+00  -.139127E+00  0.22951771
   0.3900  0.588320E+00  -.134840E+00  0.22919472
   0.3950  0.571208E+00  -.130642E+00  0.22871132
   0.4000  0.554804E+00  -.126540E+00  0.22807970
   0.4050  0.539044E+00  -.122542E+00  0.22733138
   0.4100  0.523928E+00  -.118644E+00  0.22645021
   0.4150  0.509462E+00  -.114851E+00  0.22543545
   0.4200  0.495606E+00  -.111163E+00  0.22429718
   0.4250  0.482331E+00  -.107581E+00  0.22304331
   0.4300  0.469619E+00  -.104103E+00  0.22167525
   0.4350  0.457448E+00  -.100730E+00  0.22019943
   0.4400  0.445797E+00  -.974613E-01  0.21862259
   0.4450  0.434644E+00  -.942956E-01  0.21694889
   0.4500  0.423969E+00  -.912304E-01  0.21518192
   0.4550  0.413759E+00  -.882665E-01  0.21332811
   0.4600  0.403989E+00  -.854004E-01  0.21139298
   0.4650  0.394631E+00  -.826299E-01  0.20938538
   0.4700  0.385674E+00  -.799524E-01  0.20730544
   0.4750  0.377111E+00  -.773657E-01  0.20515348
   0.4800  0.368917E+00  -.748683E-01  0.20294041
   0.4850  0.361151E+00  -.724565E-01  0.20062671
   0.4900  0.354864E+00  -.701275E-01  0.19761813
   0.4950  0.350383E+00  -.678817E-01  0.19373564
   0.5000  0.345553E+00  -.657144E-01  0.19017181
   0.5050  0.341472E+00  -.636214E-01  0.18631508
   0.5100  0.339174E+00  -.616018E-01  0.18162279
   0.5150  0.343973E+00  -.596539E-01  0.17342591
   0.5200  0.351666E+00  -.577758E-01  0.16429174
   0.5250  0.362313E+00  -.559638E-01  0.15446238
   0.5300  0.372179E+00  -.542166E-01  0.14567332
   0.5350  0.373780E+00  -.525295E-01  0.14053563
   0.5400  0.371035E+00  -.509025E-01  0.13719045
   0.5450  0.369694E+00  -.493332E-01  0.13344333
   0.5500  0.366108E+00  -.478190E-01  0.13061443
   0.5550  0.357724E+00  -.463579E-01  0.12959102
   0.5600  0.343378E+00  -.449472E-01  0.13089739
   0.5650  0.327471E+00  -.435871E-01  0.13310206
   0.5700  0.310744E+00  -.422747E-01  0.13604357
   0.5750  0.295363E+00  -.410081E-01  0.13884000
   0.5800  0.283128E+00  -.397847E-01  0.14051805
   0.5850  0.274213E+00  -.386051E-01  0.14078519
   0.5900  0.268155E+00  -.374664E-01  0.13971924
   0.5950  0.262800E+00  -.363669E-01  0.13838244
   0.6000  0.256399E+00  -.353043E-01  0.13769297
   0.6050  0.247915E+00  -.342787E-01  0.13826779
   0.6100  0.239013E+00  -.332881E-01  0.13927331
   0.6150  0.229628E+00  -.323310E-01  0.14079710
   0.6200  0.225042E+00  -.314068E-01  0.13955953
   0.6250  0.221905E+00  -.305139E-01  0.13750847
   0.6300  0.215831E+00  -.296509E-01  0.13738013
   0.6350  0.209391E+00  -.288168E-01  0.13762199
   0.6400  0.202323E+00  -.280104E-01  0.13844392
   0.6450  0.195164E+00  -.272309E-01  0.13952878
   0.6500  0.191035E+00  -.264774E-01  0.13859963
   0.6550  0.186073E+00  -.257487E-01  0.13837940
   0.6600  0.181373E+00  -.250439E-01  0.13807957
   0.6650  0.176818E+00  -.243621E-01  0.13778113
   0.6700  0.174811E+00  -.237026E-01  0.13558960
   0.6750  0.173976E+00  -.230645E-01  0.13257274
   0.6800  0.175029E+00  -.224470E-01  0.12824705
   0.6850  0.177522E+00  -.218493E-01  0.12307916
   0.6900  0.190254E+00  -.212710E-01  0.11180284
   0.6950  0.231864E+00  -.207117E-01  0.08932673
   0.7000  0.290451E+00  -.201704E-01  0.06944505
   0.7050  0.368468E+00  -.196465E-01  0.05331942
   0.7100  0.456560E+00  -.191392E-01  0.04192046
   0.7150  0.552778E+00  -.186478E-01  0.03373475
   0.7200  0.656507E+00  -.181717E-01  0.02767944
   0.7250  0.753334E+00  -.177102E-01  0.02350907
   0.7300  0.840003E+00  -.172626E-01  0.02055058
   0.7350  0.917194E+00  -.168284E-01  0.01834772
   0.7400  0.977962E+00  -.164072E-01  0.01677692
   0.7450  0.102262E+01  -.159984E-01  0.01564454
   0.7500  0.105447E+01  -.156018E-01  0.01479591
   0.7550  0.107476E+01  -.152169E-01  0.01415847
   0.7600  0.108764E+01  -.148435E-01  0.01364735
   0.7650  0.109576E+01  -.144810E-01  0.01321553
   0.7700  0.110408E+01  -.141293E-01  0.01279739
   0.7750  0.110917E+01  -.137879E-01  0.01243086
   0.7800  0.111064E+01  -.134564E-01  0.01211597
   0.7850  0.111796E+01  -.131347E-01  0.01174885
   0.7900  0.112282E+01  -.128223E-01  0.01141977
   0.7950  0.112063E+01  -.125189E-01  0.01117131
   0.8000  0.112366E+01  -.122242E-01  0.01087893
   0.8050  0.112619E+01  -.119380E-01  0.01060028
   0.8100  0.112874E+01  -.116599E-01  0.01032997
   0.8150  0.113131E+01  -.113897E-01  0.01006773
   0.8200  0.113388E+01  -.111271E-01  0.00981328
   0.8250  0.113467E+01  -.108719E-01  0.00958153
   0.8300  0.113547E+01  -.106238E-01  0.00935629
   0.8350  0.113628E+01  -.103826E-01  0.00913735
   0.8400  0.113711E+01  -.101481E-01  0.00892450
   0.8450  0.113868E+01  -.992008E-02  0.00871191
   0.8500  0.114026E+01  -.969830E-02  0.00850530
   0.8550  0.114186E+01  -.948257E-02  0.00830449
   0.8600  0.114347E+01  -.927270E-02  0.00810930
   0.8650  0.114434E+01  -.906851E-02  0.00792464
   0.8700  0.114523E+01  -.886981E-02  0.00774500
   0.8750  0.114613E+01  -.867643E-02  0.00757023
   0.8800  0.114703E+01  -.848821E-02  0.00740015
   0.8850  0.114663E+01  -.830498E-02  0.00724293
   0.8900  0.114624E+01  -.812658E-02  0.00708977
   0.8950  0.114586E+01  -.795288E-02  0.00694055
   0.9000  0.114548E+01  -.778372E-02  0.00679515
   0.9050  0.114520E+01  -.761897E-02  0.00665298
   0.9100  0.114492E+01  -.745849E-02  0.00651443
   0.9150  0.114465E+01  -.730216E-02  0.00637939
   0.9200  0.114439E+01  -.714984E-02  0.00624776
   0.9250  0.114093E+01  -.700140E-02  0.00613658
   0.9300  0.113748E+01  -.685674E-02  0.00602801
   0.9350  0.113404E+01  -.671574E-02  0.00592198
   0.9400  0.113060E+01  -.657830E-02  0.00581842
   0.9450  0.112201E+01  -.644430E-02  0.00574351
   0.9500  0.111343E+01  -.631364E-02  0.00567042
   0.9550  0.110486E+01  -.618624E-02  0.00559911
   0.9600  0.109629E+01  -.606199E-02  0.00552953
   0.9650  0.109630E+01  -.594084E-02  0.00541899
   0.9700  0.109631E+01  -.582266E-02  0.00531114
   0.9750  0.109633E+01  -.570738E-02  0.00520589
   0.9800  0.109635E+01  -.559489E-02  0.00510319
   0.9850  0.109954E+01  -.548515E-02  0.00498856
   0.9900  0.110274E+01  -.537805E-02  0.00487698
   0.9950  0.110594E+01  -.527352E-02  0.00476834
   1.0000  0.110915E+01  -.517149E-02  0.00466256
   1.0050  0.110895E+01  -.507187E-02  0.00457359
   1.0100  0.110875E+01  -.497462E-02  0.00448669
   1.0150  0.110856E+01  -.487967E-02  0.00440181
   1.0200  0.110837E+01  -.478694E-02  0.00431890
   1.0250  0.110818E+01  -.469638E-02  0.00423791
   1.0300  0.110800E+01  -.460793E-02  0.00415877
   1.0350  0.110783E+01  -.452154E-02  0.00408145
   1.0400  0.110765E+01  -.443714E-02  0.00400589
   1.0450  0.110748E+01  -.435468E-02  0.00393204
   1.0500  0.110732E+01  -.427410E-02  0.00385987
   1.0550  0.110716E+01  -.419537E-02  0.00378932
   1.0600  0.110700E+01  -.411842E-02  0.00372035
   1.0650  0.110684E+01  -.404321E-02  0.00365292
   1.0700  0.110669E+01  -.396969E-02  0.00358699
   1.0750  0.110654E+01  -.389782E-02  0.00352252
   1.0800  0.110640E+01  -.382756E-02  0.00345948
   1.0850  0.110626E+01  -.375886E-02  0.00339782
   1.0900  0.110612E+01  -.369168E-02  0.00333752
   1.0950  0.110598E+01  -.362598E-02  0.00327852
   1.1000  0.110585E+01  -.356172E-02  0.00322081
