   0.3000  0.140193E+01  -.203925E+00  0.14546011
   0.3050  0.138818E+01  -.200271E+00  0.14426941
   0.3100  0.137513E+01  -.196510E+00  0.14290273
   0.3150  0.136268E+01  -.192763E+00  0.14145826
   0.3200  0.135088E+01  -.188946E+00  0.13986897
   0.3250  0.133969E+01  -.185079E+00  0.13815072
   0.3300  0.132909E+01  -.181181E+00  0.13632007
   0.3350  0.131911E+01  -.177193E+00  0.13432747
   0.3400  0.130968E+01  -.173216E+00  0.13225900
   0.3450  0.130071E+01  -.169336E+00  0.13018748
   0.3500  0.129224E+01  -.165485E+00  0.12806068
   0.3550  0.128426E+01  -.161606E+00  0.12583569
   0.3600  0.127673E+01  -.157782E+00  0.12358321
   0.3650  0.126963E+01  -.154021E+00  0.12131213
   0.3700  0.126294E+01  -.150326E+00  0.11902857
   0.3750  0.125660E+01  -.146752E+00  0.11678551
   0.3800  0.125063E+01  -.143249E+00  0.11454132
   0.3850  0.124506E+01  -.139779E+00  0.11226627
   0.3900  0.123984E+01  -.136392E+00  0.11000844
   0.3950  0.123493E+01  -.133088E+00  0.10776965
   0.4000  0.123033E+01  -.129868E+00  0.10555522
   0.4050  0.122600E+01  -.126733E+00  0.10337143
   0.4100  0.122193E+01  -.123680E+00  0.10121641
   0.4150  0.121814E+01  -.120710E+00  0.09909361
   0.4200  0.121460E+01  -.117822E+00  0.09700485
   0.4250  0.121130E+01  -.115014E+00  0.09495118
   0.4300  0.120822E+01  -.112284E+00  0.09293353
   0.4350  0.120537E+01  -.109631E+00  0.09095274
   0.4400  0.120271E+01  -.107054E+00  0.08901029
   0.4450  0.120026E+01  -.104550E+00  0.08710660
   0.4500  0.119799E+01  -.102117E+00  0.08524055
   0.4550  0.119598E+01  -.997090E-01  0.08337033
   0.4600  0.119413E+01  -.973668E-01  0.08153764
   0.4650  0.119245E+01  -.950889E-01  0.07974251
   0.4700  0.119092E+01  -.928736E-01  0.07798474
   0.4750  0.118954E+01  -.907181E-01  0.07626332
   0.4800  0.118829E+01  -.886218E-01  0.07457902
   0.4850  0.118720E+01  -.865827E-01  0.07293005
   0.4900  0.118650E+01  -.845969E-01  0.07129956
   0.4950  0.118626E+01  -.826666E-01  0.06968696
   0.5000  0.118597E+01  -.807876E-01  0.06811953
   0.5050  0.118598E+01  -.789118E-01  0.06653692
   0.5100  0.118644E+01  -.770838E-01  0.06497074
   0.5150  0.118853E+01  -.753021E-01  0.06335745
   0.5200  0.119129E+01  -.735661E-01  0.06175308
   0.5250  0.119475E+01  -.718736E-01  0.06015788
   0.5300  0.119804E+01  -.702221E-01  0.05861399
   0.5350  0.119946E+01  -.686076E-01  0.05719863
   0.5400  0.119991E+01  -.670317E-01  0.05586392
   0.5450  0.120070E+01  -.654931E-01  0.05454583
   0.5500  0.120100E+01  -.639897E-01  0.05328024
   0.5550  0.120035E+01  -.625017E-01  0.05206976
   0.5600  0.119841E+01  -.610446E-01  0.05093781
   0.5650  0.119621E+01  -.596204E-01  0.04984101
   0.5700  0.119391E+01  -.582272E-01  0.04877027
   0.5750  0.119196E+01  -.568641E-01  0.04770622
   0.5800  0.119075E+01  -.555292E-01  0.04663401
   0.5850  0.119026E+01  -.542242E-01  0.04555648
   0.5900  0.119040E+01  -.529466E-01  0.04447787
   0.5950  0.119071E+01  -.516948E-01  0.04341514
   0.6000  0.119083E+01  -.504682E-01  0.04238074
   0.6050  0.119059E+01  -.492544E-01  0.04136955
   0.6100  0.119031E+01  -.480643E-01  0.04037961
   0.6150  0.118996E+01  -.468968E-01  0.03941029
   0.6200  0.119058E+01  -.457525E-01  0.03842866
   0.6250  0.119150E+01  -.446299E-01  0.03745693
   0.6300  0.119187E+01  -.435275E-01  0.03652050
   0.6350  0.119218E+01  -.424451E-01  0.03560288
   0.6400  0.119240E+01  -.413819E-01  0.03470475
   0.6450  0.119262E+01  -.403375E-01  0.03382251
   0.6500  0.119343E+01  -.393116E-01  0.03293997
   0.6550  0.119408E+01  -.383213E-01  0.03209275
   0.6600  0.119479E+01  -.373484E-01  0.03125935
   0.6650  0.119554E+01  -.363923E-01  0.03043999
   0.6700  0.119677E+01  -.354528E-01  0.02962379
   0.6750  0.119821E+01  -.345293E-01  0.02881734
   0.6800  0.120000E+01  -.336212E-01  0.02801772
   0.6850  0.120204E+01  -.327282E-01  0.02722710
   0.6900  0.120593E+01  -.318509E-01  0.02641202
   0.6950  0.121507E+01  -.309918E-01  0.02550609
   0.7000  0.122758E+01  -.301488E-01  0.02455952
   0.7050  0.124421E+01  -.293592E-01  0.02359667
   0.7100  0.126367E+01  -.285848E-01  0.02262039
   0.7150  0.128598E+01  -.278250E-01  0.02163727
   0.7200  0.131147E+01  -.270799E-01  0.02064855
   0.7250  0.133696E+01  -.263463E-01  0.01970613
   0.7300  0.136138E+01  -.256233E-01  0.01882153
   0.7350  0.138456E+01  -.249103E-01  0.01799152
   0.7400  0.140395E+01  -.242049E-01  0.01724062
   0.7450  0.141900E+01  -.235065E-01  0.01656550
   0.7500  0.143029E+01  -.228152E-01  0.01595147
   0.7550  0.143783E+01  -.221811E-01  0.01542671
   0.7600  0.144295E+01  -.215546E-01  0.01493785
   0.7650  0.144647E+01  -.209363E-01  0.01447402
   0.7700  0.145007E+01  -.203271E-01  0.01401803
   0.7750  0.145256E+01  -.197259E-01  0.01358002
   0.7800  0.145381E+01  -.191323E-01  0.01316007
   0.7850  0.145708E+01  -.185486E-01  0.01272997
   0.7900  0.145950E+01  -.179723E-01  0.01231404
   0.7950  0.145947E+01  -.174021E-01  0.01192352
   0.8000  0.146126E+01  -.168409E-01  0.01152492
   0.8050  0.146276E+01  -.163441E-01  0.01117343
   0.8100  0.146428E+01  -.158545E-01  0.01082754
   0.8150  0.146579E+01  -.153719E-01  0.01048710
   0.8200  0.146731E+01  -.148960E-01  0.01015190
   0.8250  0.146822E+01  -.144264E-01  0.00982578
   0.8300  0.146912E+01  -.139630E-01  0.00950434
   0.8350  0.147003E+01  -.135060E-01  0.00918761
   0.8400  0.147094E+01  -.130552E-01  0.00887539
   0.8450  0.147211E+01  -.126104E-01  0.00856623
   0.8500  0.147328E+01  -.121714E-01  0.00826144
   0.8550  0.138013E+01  -.122662E-01  0.00888768
   0.8600  0.129815E+01  -.123706E-01  0.00952940
   0.8650  0.122524E+01  -.124829E-01  0.01018811
   0.8700  0.116007E+01  -.126017E-01  0.01086289
   0.8750  0.110143E+01  -.127260E-01  0.01155407
   0.8800  0.104835E+01  -.128550E-01  0.01226207
   0.8850  0.999897E+00  -.129876E-01  0.01298895
   0.8900  0.955614E+00  -.131234E-01  0.01373292
   0.8950  0.914961E+00  -.132618E-01  0.01449441
   0.9000  0.877490E+00  -.134026E-01  0.01527375
   0.9050  0.879550E+00  -.131770E-01  0.01498156
   0.9100  0.881627E+00  -.129548E-01  0.01469425
   0.9150  0.883722E+00  -.127358E-01  0.01441155
   0.9200  0.885833E+00  -.125198E-01  0.01413334
   0.9250  0.887717E+00  -.123067E-01  0.01386335
   0.9300  0.889616E+00  -.120966E-01  0.01359756
   0.9350  0.891530E+00  -.118893E-01  0.01333586
   0.9400  0.893460E+00  -.116848E-01  0.01307816
   0.9450  0.895011E+00  -.114827E-01  0.01282964
   0.9500  0.896576E+00  -.112831E-01  0.01258465
   0.9550  0.897796E+00  -.111269E-01  0.01239353
   0.9600  0.899031E+00  -.109730E-01  0.01220534
   0.9650  0.900933E+00  -.108217E-01  0.01201163
   0.9700  0.902850E+00  -.106726E-01  0.01182098
   0.9750  0.904783E+00  -.105256E-01  0.01163331
   0.9800  0.906731E+00  -.103807E-01  0.01144854
   0.9850  0.908940E+00  -.102379E-01  0.01126360
   0.9900  0.911167E+00  -.100973E-01  0.01108169
   0.9950  0.913411E+00  -.995843E-02  0.01090246
   1.0000  0.915674E+00  -.982145E-02  0.01072592
   1.0050  0.917345E+00  -.971974E-02  0.01059551
   1.0100  0.919031E+00  -.961970E-02  0.01046722
   1.0150  0.920731E+00  -.952128E-02  0.01034100
   1.0200  0.922445E+00  -.942442E-02  0.01021678
   1.0250  0.924173E+00  -.932929E-02  0.01009474
   1.0300  0.925916E+00  -.923544E-02  0.00997438
   1.0350  0.927672E+00  -.914326E-02  0.00985613
   1.0400  0.929444E+00  -.905223E-02  0.00973941
   1.0450  0.931230E+00  -.896256E-02  0.00962444
   1.0500  0.933030E+00  -.887422E-02  0.00951118
   1.0550  0.932938E+00  -.881730E-02  0.00945110
   1.0600  0.932848E+00  -.876168E-02  0.00939240
   1.0650  0.932760E+00  -.870735E-02  0.00933504
   1.0700  0.932674E+00  -.865425E-02  0.00927897
   1.0750  0.932590E+00  -.860236E-02  0.00922416
   1.0800  0.932508E+00  -.855165E-02  0.00917059
   1.0850  0.932428E+00  -.850208E-02  0.00911821
   1.0900  0.932350E+00  -.845362E-02  0.00906700
   1.0950  0.932273E+00  -.840624E-02  0.00901693
   1.1000  0.932198E+00  -.835992E-02  0.00896796
