   0.3000  0.165245E+01  -.202519E+00  0.12255672
   0.3050  0.164756E+01  -.198793E+00  0.12065953
   0.3100  0.164298E+01  -.194972E+00  0.11866960
   0.3150  0.163868E+01  -.191174E+00  0.11666290
   0.3200  0.163466E+01  -.187316E+00  0.11459042
   0.3250  0.163088E+01  -.183418E+00  0.11246571
   0.3300  0.162734E+01  -.179499E+00  0.11030234
   0.3350  0.162403E+01  -.175500E+00  0.10806458
   0.3400  0.162093E+01  -.171520E+00  0.10581612
   0.3450  0.161802E+01  -.167642E+00  0.10360928
   0.3500  0.161530E+01  -.163800E+00  0.10140487
   0.3550  0.161255E+01  -.159935E+00  0.09918134
   0.3600  0.160997E+01  -.156132E+00  0.09697799
   0.3650  0.160755E+01  -.152394E+00  0.09479945
   0.3700  0.160527E+01  -.148726E+00  0.09264837
   0.3750  0.160314E+01  -.145182E+00  0.09056092
   0.3800  0.160114E+01  -.141710E+00  0.08850547
   0.3850  0.159929E+01  -.138273E+00  0.08645950
   0.3900  0.159756E+01  -.134923E+00  0.08445542
   0.3950  0.159596E+01  -.131655E+00  0.08249266
   0.4000  0.159448E+01  -.128472E+00  0.08057331
   0.4050  0.159301E+01  -.125375E+00  0.07870307
   0.4100  0.159165E+01  -.122359E+00  0.07687574
   0.4150  0.159039E+01  -.119427E+00  0.07509274
   0.4200  0.158924E+01  -.116577E+00  0.07335370
   0.4250  0.158819E+01  -.113806E+00  0.07165787
   0.4300  0.158722E+01  -.111113E+00  0.07000471
   0.4350  0.158635E+01  -.108496E+00  0.06839358
   0.4400  0.158556E+01  -.105954E+00  0.06682445
   0.4450  0.158486E+01  -.103486E+00  0.06529652
   0.4500  0.158423E+01  -.101086E+00  0.06380792
   0.4550  0.158374E+01  -.987110E-01  0.06232769
   0.4600  0.158333E+01  -.964009E-01  0.06088496
   0.4650  0.158298E+01  -.941541E-01  0.05947887
   0.4700  0.158271E+01  -.919690E-01  0.05810861
   0.4750  0.158250E+01  -.898429E-01  0.05677278
   0.4800  0.158235E+01  -.877751E-01  0.05547126
   0.4850  0.158227E+01  -.857634E-01  0.05420279
   0.4900  0.158230E+01  -.838041E-01  0.05296337
   0.4950  0.158247E+01  -.818991E-01  0.05175412
   0.5000  0.158265E+01  -.800447E-01  0.05057644
   0.5050  0.158289E+01  -.781922E-01  0.04939842
   0.5100  0.158325E+01  -.763866E-01  0.04824664
   0.5150  0.158400E+01  -.746254E-01  0.04711214
   0.5200  0.158491E+01  -.729086E-01  0.04600176
   0.5250  0.158599E+01  -.712341E-01  0.04491450
   0.5300  0.158707E+01  -.696001E-01  0.04385460
   0.5350  0.158775E+01  -.680039E-01  0.04283036
   0.5400  0.158824E+01  -.664462E-01  0.04183633
   0.5450  0.158883E+01  -.649250E-01  0.04086345
   0.5500  0.158933E+01  -.634386E-01  0.03991540
   0.5550  0.158966E+01  -.619679E-01  0.03898185
   0.5600  0.158974E+01  -.605284E-01  0.03807441
   0.5650  0.158978E+01  -.591214E-01  0.03718839
   0.5700  0.158982E+01  -.577449E-01  0.03632164
   0.5750  0.158996E+01  -.563978E-01  0.03547125
   0.5800  0.159027E+01  -.550779E-01  0.03463439
   0.5850  0.159075E+01  -.537868E-01  0.03381233
   0.5900  0.159137E+01  -.525222E-01  0.03300441
   0.5950  0.159204E+01  -.512830E-01  0.03221205
   0.6000  0.159269E+01  -.500686E-01  0.03143644
   0.6050  0.159327E+01  -.488668E-01  0.03067079
   0.6100  0.159385E+01  -.476884E-01  0.02992029
   0.6150  0.159443E+01  -.465323E-01  0.02918434
   0.6200  0.159521E+01  -.453983E-01  0.02845907
   0.6250  0.159607E+01  -.442855E-01  0.02774653
   0.6300  0.159683E+01  -.431929E-01  0.02704917
   0.6350  0.159759E+01  -.421200E-01  0.02636479
   0.6400  0.159833E+01  -.410661E-01  0.02569314
   0.6450  0.159908E+01  -.400306E-01  0.02503348
   0.6500  0.159996E+01  -.390130E-01  0.02438367
   0.6550  0.160079E+01  -.380309E-01  0.02375756
   0.6600  0.160164E+01  -.370658E-01  0.02314246
   0.6650  0.160250E+01  -.361172E-01  0.02253811
   0.6700  0.160346E+01  -.351847E-01  0.02194303
   0.6750  0.160447E+01  -.342678E-01  0.02135770
   0.6800  0.160555E+01  -.333659E-01  0.02078152
   0.6850  0.160670E+01  -.324786E-01  0.02021451
   0.6900  0.160821E+01  -.316057E-01  0.01965272
   0.6950  0.161079E+01  -.307473E-01  0.01908836
   0.7000  0.161406E+01  -.299026E-01  0.01852636
   0.7050  0.161815E+01  -.291086E-01  0.01798883
   0.7100  0.162289E+01  -.283278E-01  0.01745512
   0.7150  0.162833E+01  -.275598E-01  0.01692521
   0.7200  0.163459E+01  -.268044E-01  0.01639829
   0.7250  0.164100E+01  -.260607E-01  0.01588097
   0.7300  0.164733E+01  -.253282E-01  0.01537533
   0.7350  0.165350E+01  -.246064E-01  0.01488138
   0.7400  0.165889E+01  -.238947E-01  0.01440405
   0.7450  0.166327E+01  -.231924E-01  0.01394387
   0.7500  0.166674E+01  -.224995E-01  0.01349907
   0.7550  0.166920E+01  -.218657E-01  0.01309953
   0.7600  0.167104E+01  -.212410E-01  0.01271125
   0.7650  0.167247E+01  -.206252E-01  0.01233219
   0.7700  0.167392E+01  -.200185E-01  0.01195901
   0.7750  0.167509E+01  -.194201E-01  0.01159348
   0.7800  0.167593E+01  -.188301E-01  0.01123559
   0.7850  0.167731E+01  -.182487E-01  0.01087973
   0.7900  0.167846E+01  -.176750E-01  0.01053050
   0.7950  0.167898E+01  -.171088E-01  0.01019000
   0.8000  0.167997E+01  -.165504E-01  0.00985161
   0.8050  0.168080E+01  -.160564E-01  0.00955285
   0.8100  0.168164E+01  -.155696E-01  0.00925858
   0.8150  0.168248E+01  -.150896E-01  0.00896868
   0.8200  0.168332E+01  -.146163E-01  0.00868299
   0.8250  0.168400E+01  -.141494E-01  0.00840224
   0.8300  0.168469E+01  -.136888E-01  0.00812542
   0.8350  0.168537E+01  -.132345E-01  0.00785254
   0.8400  0.168606E+01  -.127862E-01  0.00758345
   0.8450  0.168682E+01  -.123438E-01  0.00731778
   0.8500  0.168758E+01  -.119071E-01  0.00705570
   0.8550  0.148739E+01  -.120030E-01  0.00806983
   0.8600  0.134977E+01  -.121221E-01  0.00898086
   0.8650  0.124573E+01  -.122523E-01  0.00983540
   0.8700  0.116235E+01  -.123889E-01  0.01065848
   0.8750  0.109287E+01  -.125297E-01  0.01146497
   0.8800  0.103337E+01  -.126737E-01  0.01226440
   0.8850  0.981391E+00  -.128199E-01  0.01306302
   0.8900  0.935289E+00  -.129678E-01  0.01386507
   0.8950  0.893910E+00  -.131172E-01  0.01467395
   0.9000  0.856414E+00  -.132677E-01  0.01549214
   0.9050  0.858584E+00  -.130440E-01  0.01519252
   0.9100  0.860771E+00  -.128237E-01  0.01489791
   0.9150  0.862976E+00  -.126064E-01  0.01460806
   0.9200  0.865199E+00  -.123921E-01  0.01432284
   0.9250  0.867439E+00  -.121808E-01  0.01404229
   0.9300  0.869697E+00  -.119724E-01  0.01376621
   0.9350  0.871972E+00  -.117668E-01  0.01349450
   0.9400  0.874265E+00  -.115639E-01  0.01322705
   0.9450  0.876575E+00  -.113636E-01  0.01296359
   0.9500  0.878902E+00  -.111657E-01  0.01270417
   0.9550  0.880868E+00  -.110112E-01  0.01250038
   0.9600  0.882849E+00  -.108589E-01  0.01229987
   0.9650  0.884850E+00  -.107089E-01  0.01210251
   0.9700  0.886868E+00  -.105611E-01  0.01190827
   0.9750  0.888902E+00  -.104153E-01  0.01171707
   0.9800  0.890953E+00  -.102716E-01  0.01152881
   0.9850  0.893021E+00  -.101298E-01  0.01134332
   0.9900  0.895107E+00  -.999014E-02  0.01116084
   0.9950  0.897208E+00  -.985224E-02  0.01098100
   1.0000  0.899327E+00  -.971617E-02  0.01080382
   1.0050  0.901104E+00  -.961547E-02  0.01067076
   1.0100  0.902897E+00  -.951640E-02  0.01053985
   1.0150  0.904704E+00  -.941891E-02  0.01041104
   1.0200  0.906528E+00  -.932297E-02  0.01028426
   1.0250  0.908366E+00  -.922871E-02  0.01015968
   1.0300  0.910221E+00  -.913571E-02  0.01003680
   1.0350  0.912090E+00  -.904435E-02  0.00991607
   1.0400  0.913977E+00  -.895411E-02  0.00979687
   1.0450  0.915879E+00  -.886521E-02  0.00967946
   1.0500  0.917797E+00  -.877760E-02  0.00956378
   1.0550  0.917707E+00  -.872146E-02  0.00950353
   1.0600  0.917620E+00  -.866661E-02  0.00944467
   1.0650  0.917534E+00  -.861303E-02  0.00938714
   1.0700  0.917451E+00  -.856066E-02  0.00933092
   1.0750  0.917369E+00  -.850948E-02  0.00927596
   1.0800  0.917290E+00  -.845946E-02  0.00922224
   1.0850  0.917212E+00  -.841057E-02  0.00916972
   1.0900  0.917135E+00  -.836278E-02  0.00911837
   1.0950  0.917061E+00  -.831605E-02  0.00906816
   1.1000  0.916988E+00  -.827036E-02  0.00901906
