   0.3000  0.165105E+01  -.202517E+00  0.12265947
   0.3050  0.164613E+01  -.198791E+00  0.12076294
   0.3100  0.164153E+01  -.194970E+00  0.11877305
   0.3150  0.163722E+01  -.191172E+00  0.11676618
   0.3200  0.163317E+01  -.187314E+00  0.11469322
   0.3250  0.162938E+01  -.183416E+00  0.11256777
   0.3300  0.162583E+01  -.179497E+00  0.11040341
   0.3350  0.162251E+01  -.175498E+00  0.10816443
   0.3400  0.161940E+01  -.171518E+00  0.10591458
   0.3450  0.161649E+01  -.167640E+00  0.10370621
   0.3500  0.161377E+01  -.163798E+00  0.10150015
   0.3550  0.161102E+01  -.159933E+00  0.09927476
   0.3600  0.160843E+01  -.156130E+00  0.09706947
   0.3650  0.160601E+01  -.152393E+00  0.09488889
   0.3700  0.160374E+01  -.148724E+00  0.09273573
   0.3750  0.160161E+01  -.145180E+00  0.09064622
   0.3800  0.159962E+01  -.141708E+00  0.08858869
   0.3850  0.159777E+01  -.138272E+00  0.08654056
   0.3900  0.159605E+01  -.134921E+00  0.08453432
   0.3950  0.159446E+01  -.131653E+00  0.08256944
   0.4000  0.159298E+01  -.128471E+00  0.08064798
   0.4050  0.159151E+01  -.125373E+00  0.07877597
   0.4100  0.159015E+01  -.122358E+00  0.07694699
   0.4150  0.158890E+01  -.119426E+00  0.07516258
   0.4200  0.158774E+01  -.116575E+00  0.07342220
   0.4250  0.158669E+01  -.113804E+00  0.07172459
   0.4300  0.158573E+01  -.111112E+00  0.07006957
   0.4350  0.158485E+01  -.108495E+00  0.06845742
   0.4400  0.158406E+01  -.105953E+00  0.06688682
   0.4450  0.158335E+01  -.103484E+00  0.06535755
   0.4500  0.158273E+01  -.101085E+00  0.06386737
   0.4550  0.158224E+01  -.987095E-01  0.06238591
   0.4600  0.158183E+01  -.963994E-01  0.06094154
   0.4650  0.158149E+01  -.941527E-01  0.05953422
   0.4700  0.158122E+01  -.919676E-01  0.05816256
   0.4750  0.158101E+01  -.898414E-01  0.05682535
   0.4800  0.158086E+01  -.877737E-01  0.05552264
   0.4850  0.158078E+01  -.857620E-01  0.05425303
   0.4900  0.158075E+01  -.838026E-01  0.05301437
   0.4950  0.158079E+01  -.818976E-01  0.05180803
   0.5000  0.158098E+01  -.800431E-01  0.05062886
   0.5050  0.158132E+01  -.781908E-01  0.04944665
   0.5100  0.158188E+01  -.763854E-01  0.04828756
   0.5150  0.158272E+01  -.746242E-01  0.04714940
   0.5200  0.158382E+01  -.729076E-01  0.04603281
   0.5250  0.158507E+01  -.712333E-01  0.04494010
   0.5300  0.158628E+01  -.695994E-01  0.04387587
   0.5350  0.158730E+01  -.680034E-01  0.04284211
   0.5400  0.158810E+01  -.664461E-01  0.04184000
   0.5450  0.158881E+01  -.649250E-01  0.04086386
   0.5500  0.158940E+01  -.634387E-01  0.03991353
   0.5550  0.159001E+01  -.619682E-01  0.03897349
   0.5600  0.159044E+01  -.605290E-01  0.03805805
   0.5650  0.159069E+01  -.591222E-01  0.03716758
   0.5700  0.159082E+01  -.577458E-01  0.03629945
   0.5750  0.159087E+01  -.563986E-01  0.03545142
   0.5800  0.159102E+01  -.550785E-01  0.03461836
   0.5850  0.159138E+01  -.537874E-01  0.03379922
   0.5900  0.159179E+01  -.525226E-01  0.03299602
   0.5950  0.159234E+01  -.512833E-01  0.03220631
   0.6000  0.159299E+01  -.500688E-01  0.03143062
   0.6050  0.159365E+01  -.488671E-01  0.03066362
   0.6100  0.159431E+01  -.476888E-01  0.02991181
   0.6150  0.159496E+01  -.465327E-01  0.02917487
   0.6200  0.159559E+01  -.453986E-01  0.02845264
   0.6250  0.159631E+01  -.442857E-01  0.02774264
   0.6300  0.159711E+01  -.431931E-01  0.02704457
   0.6350  0.159792E+01  -.421203E-01  0.02635936
   0.6400  0.159867E+01  -.410664E-01  0.02568782
   0.6450  0.159934E+01  -.400308E-01  0.02502964
   0.6500  0.160001E+01  -.390130E-01  0.02438307
   0.6550  0.160079E+01  -.380309E-01  0.02375756
   0.6600  0.160162E+01  -.370658E-01  0.02314269
   0.6650  0.160243E+01  -.361172E-01  0.02253901
   0.6700  0.160327E+01  -.351846E-01  0.02194555
   0.6750  0.160419E+01  -.342676E-01  0.02136127
   0.6800  0.160520E+01  -.333656E-01  0.02078597
   0.6850  0.160647E+01  -.324784E-01  0.02021722
   0.6900  0.160796E+01  -.316055E-01  0.01965570
   0.6950  0.161017E+01  -.307468E-01  0.01909540
   0.7000  0.161298E+01  -.299018E-01  0.01853823
   0.7050  0.161650E+01  -.291073E-01  0.01800639
   0.7100  0.162055E+01  -.283259E-01  0.01747917
   0.7150  0.162476E+01  -.275570E-01  0.01696068
   0.7200  0.162938E+01  -.268003E-01  0.01644814
   0.7250  0.163452E+01  -.260555E-01  0.01594076
   0.7300  0.163979E+01  -.253222E-01  0.01544237
   0.7350  0.164497E+01  -.245996E-01  0.01495446
   0.7400  0.164963E+01  -.238873E-01  0.01448045
   0.7450  0.165402E+01  -.231851E-01  0.01401738
   0.7500  0.165749E+01  -.224921E-01  0.01357004
   0.7550  0.166001E+01  -.218585E-01  0.01316772
   0.7600  0.166178E+01  -.212337E-01  0.01277771
   0.7650  0.166329E+01  -.206180E-01  0.01239590
   0.7700  0.166466E+01  -.200112E-01  0.01202121
   0.7750  0.166573E+01  -.194128E-01  0.01165425
   0.7800  0.166661E+01  -.188228E-01  0.01129408
   0.7850  0.166760E+01  -.182411E-01  0.01093853
   0.7900  0.166858E+01  -.176674E-01  0.01058827
   0.7950  0.166956E+01  -.171015E-01  0.01024308
   0.8000  0.167064E+01  -.165432E-01  0.00990230
   0.8050  0.167142E+01  -.160492E-01  0.00960214
   0.8100  0.167220E+01  -.155623E-01  0.00930648
   0.8150  0.167298E+01  -.150823E-01  0.00901520
   0.8200  0.167377E+01  -.146089E-01  0.00872814
   0.8250  0.167455E+01  -.141421E-01  0.00844532
   0.8300  0.167534E+01  -.136816E-01  0.00816648
   0.8350  0.167612E+01  -.132274E-01  0.00789164
   0.8400  0.167691E+01  -.127792E-01  0.00762065
   0.8450  0.167776E+01  -.123369E-01  0.00735317
   0.8500  0.167861E+01  -.119002E-01  0.00708932
   0.8550  0.148365E+01  -.120002E-01  0.00808829
   0.8600  0.134800E+01  -.121208E-01  0.00899170
   0.8650  0.124482E+01  -.122517E-01  0.00984209
   0.8700  0.116185E+01  -.123886E-01  0.01066277
   0.8750  0.109258E+01  -.125295E-01  0.01146780
   0.8800  0.103320E+01  -.126736E-01  0.01226632
   0.8850  0.981288E+00  -.128199E-01  0.01306433
   0.8900  0.935225E+00  -.129678E-01  0.01386599
   0.8950  0.893869E+00  -.131172E-01  0.01467460
   0.9000  0.856388E+00  -.132677E-01  0.01549261
   0.9050  0.858557E+00  -.130440E-01  0.01519297
   0.9100  0.860745E+00  -.128237E-01  0.01489835
   0.9150  0.862950E+00  -.126064E-01  0.01460849
   0.9200  0.865173E+00  -.123921E-01  0.01432325
   0.9250  0.867413E+00  -.121808E-01  0.01404270
   0.9300  0.869671E+00  -.119724E-01  0.01376660
   0.9350  0.871947E+00  -.117668E-01  0.01349488
   0.9400  0.874240E+00  -.115639E-01  0.01322742
   0.9450  0.876550E+00  -.113636E-01  0.01296394
   0.9500  0.878879E+00  -.111657E-01  0.01270450
   0.9550  0.880845E+00  -.110112E-01  0.01250069
   0.9600  0.882827E+00  -.108589E-01  0.01230016
   0.9650  0.884828E+00  -.107089E-01  0.01210281
   0.9700  0.886845E+00  -.105611E-01  0.01190858
   0.9750  0.888878E+00  -.104153E-01  0.01171737
   0.9800  0.890928E+00  -.102716E-01  0.01152912
   0.9850  0.892996E+00  -.101298E-01  0.01134363
   0.9900  0.895081E+00  -.999013E-02  0.01116115
   0.9950  0.897182E+00  -.985223E-02  0.01098131
   1.0000  0.899300E+00  -.971615E-02  0.01080413
   1.0050  0.901078E+00  -.961545E-02  0.01067105
   1.0100  0.902872E+00  -.951639E-02  0.01054013
   1.0150  0.904681E+00  -.941890E-02  0.01041130
   1.0200  0.906506E+00  -.932295E-02  0.01028450
   1.0250  0.908345E+00  -.922870E-02  0.01015990
   1.0300  0.910201E+00  -.913570E-02  0.01003701
   1.0350  0.912072E+00  -.904434E-02  0.00991625
   1.0400  0.913960E+00  -.895411E-02  0.00979704
   1.0450  0.915863E+00  -.886520E-02  0.00967961
   1.0500  0.917783E+00  -.877760E-02  0.00956392
   1.0550  0.917695E+00  -.872146E-02  0.00950366
   1.0600  0.917609E+00  -.866661E-02  0.00944478
   1.0650  0.917523E+00  -.861302E-02  0.00938726
   1.0700  0.917439E+00  -.856065E-02  0.00933103
   1.0750  0.917357E+00  -.850948E-02  0.00927608
   1.0800  0.917277E+00  -.845946E-02  0.00922236
   1.0850  0.917199E+00  -.841057E-02  0.00916984
   1.0900  0.917123E+00  -.836277E-02  0.00911849
   1.0950  0.917048E+00  -.831605E-02  0.00906828
   1.1000  0.916974E+00  -.827036E-02  0.00901918
