   0.3000  0.139702E+01  -.203919E+00  0.14596685
   0.3050  0.138309E+01  -.200264E+00  0.14479460
   0.3100  0.136990E+01  -.196503E+00  0.14344311
   0.3150  0.135732E+01  -.192756E+00  0.14201247
   0.3200  0.134538E+01  -.188939E+00  0.14043506
   0.3250  0.133407E+01  -.185072E+00  0.13872665
   0.3300  0.132337E+01  -.181174E+00  0.13690391
   0.3350  0.131329E+01  -.177186E+00  0.13491712
   0.3400  0.130377E+01  -.173209E+00  0.13285274
   0.3450  0.129472E+01  -.169329E+00  0.13078389
   0.3500  0.128618E+01  -.165478E+00  0.12865819
   0.3550  0.127814E+01  -.161598E+00  0.12643246
   0.3600  0.127056E+01  -.157775E+00  0.12417792
   0.3650  0.126341E+01  -.154014E+00  0.12190338
   0.3700  0.125668E+01  -.150319E+00  0.11961524
   0.3750  0.125031E+01  -.146745E+00  0.11736705
   0.3800  0.124432E+01  -.143242E+00  0.11511679
   0.3850  0.123873E+01  -.139772E+00  0.11283441
   0.3900  0.123349E+01  -.136386E+00  0.11056856
   0.3950  0.122858E+01  -.133081E+00  0.10832127
   0.4000  0.122398E+01  -.129861E+00  0.10609781
   0.4050  0.121961E+01  -.126726E+00  0.10390708
   0.4100  0.121551E+01  -.123673E+00  0.10174547
   0.4150  0.121167E+01  -.120703E+00  0.09961746
   0.4200  0.120807E+01  -.117815E+00  0.09752347
   0.4250  0.120476E+01  -.115007E+00  0.09546088
   0.4300  0.120169E+01  -.112278E+00  0.09343326
   0.4350  0.119876E+01  -.109625E+00  0.09144858
   0.4400  0.119608E+01  -.107047E+00  0.08949842
   0.4450  0.119359E+01  -.104544E+00  0.08758775
   0.4500  0.119132E+01  -.102111E+00  0.08571241
   0.4550  0.118926E+01  -.997023E-01  0.08383549
   0.4600  0.118743E+01  -.973602E-01  0.08199244
   0.4650  0.118571E+01  -.950824E-01  0.08019004
   0.4700  0.118417E+01  -.928670E-01  0.07842348
   0.4750  0.118279E+01  -.907115E-01  0.07669310
   0.4800  0.118152E+01  -.886153E-01  0.07500108
   0.4850  0.118040E+01  -.865762E-01  0.07334469
   0.4900  0.117941E+01  -.845901E-01  0.07172227
   0.4950  0.117857E+01  -.826594E-01  0.07013534
   0.5000  0.117830E+01  -.807804E-01  0.06855668
   0.5050  0.117874E+01  -.789050E-01  0.06694010
   0.5100  0.118013E+01  -.770779E-01  0.06531295
   0.5150  0.118264E+01  -.752967E-01  0.06366815
   0.5200  0.118627E+01  -.735614E-01  0.06201067
   0.5250  0.119051E+01  -.718697E-01  0.06036887
   0.5300  0.119444E+01  -.702188E-01  0.05878825
   0.5350  0.119742E+01  -.686057E-01  0.05729472
   0.5400  0.119926E+01  -.670311E-01  0.05589388
   0.5450  0.120063E+01  -.654931E-01  0.05454912
   0.5500  0.120135E+01  -.639900E-01  0.05326491
   0.5550  0.120196E+01  -.625032E-01  0.05200105
   0.5600  0.120166E+01  -.610475E-01  0.05080248
   0.5650  0.120047E+01  -.596242E-01  0.04966755
   0.5700  0.119858E+01  -.582313E-01  0.04858364
   0.5750  0.119626E+01  -.568679E-01  0.04753791
   0.5800  0.119432E+01  -.555324E-01  0.04649699
   0.5850  0.119327E+01  -.542269E-01  0.04544374
   0.5900  0.119238E+01  -.529483E-01  0.04440545
   0.5950  0.119210E+01  -.516960E-01  0.04336539
   0.6000  0.119228E+01  -.504694E-01  0.04233007
   0.6050  0.119244E+01  -.492560E-01  0.04130689
   0.6100  0.119256E+01  -.480662E-01  0.04030518
   0.6150  0.119254E+01  -.468990E-01  0.03932687
   0.6200  0.119239E+01  -.457540E-01  0.03837181
   0.6250  0.119263E+01  -.446309E-01  0.03742240
   0.6300  0.119323E+01  -.435287E-01  0.03647959
   0.6350  0.119384E+01  -.424465E-01  0.03555445
   0.6400  0.119408E+01  -.413833E-01  0.03465714
   0.6450  0.119387E+01  -.403385E-01  0.03378800
   0.6500  0.119363E+01  -.393118E-01  0.03293451
   0.6550  0.119408E+01  -.383213E-01  0.03209273
   0.6600  0.119471E+01  -.373483E-01  0.03126142
   0.6650  0.119521E+01  -.363920E-01  0.03044816
   0.6700  0.119581E+01  -.354520E-01  0.02964677
   0.6750  0.119682E+01  -.345281E-01  0.02884988
   0.6800  0.119821E+01  -.336197E-01  0.02805832
   0.6850  0.120092E+01  -.327272E-01  0.02725176
   0.6900  0.120466E+01  -.318499E-01  0.02643899
   0.6950  0.121200E+01  -.309893E-01  0.02556880
   0.7000  0.122227E+01  -.301445E-01  0.02466271
   0.7050  0.123621E+01  -.293527E-01  0.02374407
   0.7100  0.125255E+01  -.285757E-01  0.02281409
   0.7150  0.126934E+01  -.278115E-01  0.02191027
   0.7200  0.128782E+01  -.270608E-01  0.02101293
   0.7250  0.130829E+01  -.263233E-01  0.02012031
   0.7300  0.132889E+01  -.255972E-01  0.01926216
   0.7350  0.134869E+01  -.248815E-01  0.01844864
   0.7400  0.136587E+01  -.241745E-01  0.01769900
   0.7450  0.138167E+01  -.234767E-01  0.01699156
   0.7500  0.139339E+01  -.227858E-01  0.01635275
   0.7550  0.140149E+01  -.221522E-01  0.01580617
   0.7600  0.140652E+01  -.215257E-01  0.01530426
   0.7650  0.141047E+01  -.209078E-01  0.01482325
   0.7700  0.141382E+01  -.202985E-01  0.01435723
   0.7750  0.141597E+01  -.196970E-01  0.01391066
   0.7800  0.141734E+01  -.191036E-01  0.01347845
   0.7850  0.141916E+01  -.185188E-01  0.01304917
   0.7900  0.142091E+01  -.179421E-01  0.01262718
   0.7950  0.142268E+01  -.173733E-01  0.01221163
   0.8000  0.142482E+01  -.168124E-01  0.01179969
   0.8050  0.142611E+01  -.163155E-01  0.01144059
   0.8100  0.142740E+01  -.158258E-01  0.01108713
   0.8150  0.142870E+01  -.153431E-01  0.01073918
   0.8200  0.143001E+01  -.148671E-01  0.01039652
   0.8250  0.143128E+01  -.143977E-01  0.01005934
   0.8300  0.143256E+01  -.139347E-01  0.00972716
   0.8350  0.143384E+01  -.134781E-01  0.00940000
   0.8400  0.143512E+01  -.130275E-01  0.00907765
   0.8450  0.143664E+01  -.125831E-01  0.00875867
   0.8500  0.143817E+01  -.121444E-01  0.00844434
   0.8550  0.135103E+01  -.122446E-01  0.00906315
   0.8600  0.127384E+01  -.123533E-01  0.00969773
   0.8650  0.120477E+01  -.124689E-01  0.01034965
   0.8700  0.114272E+01  -.125904E-01  0.01101791
   0.8750  0.108665E+01  -.127168E-01  0.01170282
   0.8800  0.103568E+01  -.128475E-01  0.01240482
   0.8850  0.989101E+00  -.129816E-01  0.01312462
   0.8900  0.946376E+00  -.131185E-01  0.01386182
   0.8950  0.907027E+00  -.132579E-01  0.01461686
   0.9000  0.870654E+00  -.133994E-01  0.01539003
   0.9050  0.872787E+00  -.131739E-01  0.01509406
   0.9100  0.874937E+00  -.129517E-01  0.01480305
   0.9150  0.877105E+00  -.127327E-01  0.01451675
   0.9200  0.879290E+00  -.125167E-01  0.01423503
   0.9250  0.881275E+00  -.123037E-01  0.01396126
   0.9300  0.883276E+00  -.120936E-01  0.01369178
   0.9350  0.885293E+00  -.118864E-01  0.01342650
   0.9400  0.887325E+00  -.116819E-01  0.01316532
   0.9450  0.889118E+00  -.114799E-01  0.01291152
   0.9500  0.890926E+00  -.112804E-01  0.01266145
   0.9550  0.892390E+00  -.111243E-01  0.01246573
   0.9600  0.893868E+00  -.109705E-01  0.01227308
   0.9650  0.895649E+00  -.108191E-01  0.01207967
   0.9700  0.897444E+00  -.106700E-01  0.01188929
   0.9750  0.899253E+00  -.105230E-01  0.01170188
   0.9800  0.901078E+00  -.103780E-01  0.01151734
   0.9850  0.903228E+00  -.102352E-01  0.01133176
   0.9900  0.905395E+00  -.100945E-01  0.01114923
   0.9950  0.907579E+00  -.995558E-02  0.01096938
   1.0000  0.909781E+00  -.981856E-02  0.01079223
   1.0050  0.911753E+00  -.971700E-02  0.01065749
   1.0100  0.913741E+00  -.961710E-02  0.01052497
   1.0150  0.915747E+00  -.951882E-02  0.01039459
   1.0200  0.917770E+00  -.942211E-02  0.01026630
   1.0250  0.919825E+00  -.932712E-02  0.01014011
   1.0300  0.921897E+00  -.923343E-02  0.01001568
   1.0350  0.923987E+00  -.914141E-02  0.00989345
   1.0400  0.926095E+00  -.905055E-02  0.00977281
   1.0450  0.928142E+00  -.896101E-02  0.00965478
   1.0500  0.930206E+00  -.887279E-02  0.00953852
   1.0550  0.930390E+00  -.881601E-02  0.00947561
   1.0600  0.930576E+00  -.876053E-02  0.00941410
   1.0650  0.930457E+00  -.870619E-02  0.00935690
   1.0700  0.930339E+00  -.865307E-02  0.00930099
   1.0750  0.930224E+00  -.860117E-02  0.00924634
   1.0800  0.930111E+00  -.855044E-02  0.00919293
   1.0850  0.929961E+00  -.850083E-02  0.00914106
   1.0900  0.929814E+00  -.845234E-02  0.00909035
   1.0950  0.929668E+00  -.840492E-02  0.00904078
   1.1000  0.929524E+00  -.835857E-02  0.00899231
