   0.3000  0.103029E+01  -.212411E+00  0.20616567
   0.3050  0.996493E+00  -.208926E+00  0.20966179
   0.3100  0.963718E+00  -.205211E+00  0.21293646
   0.3150  0.931700E+00  -.201404E+00  0.21616802
   0.3200  0.900641E+00  -.197408E+00  0.21918565
   0.3250  0.870552E+00  -.193249E+00  0.22198428
   0.3300  0.841438E+00  -.188955E+00  0.22456228
   0.3350  0.813472E+00  -.184463E+00  0.22675975
   0.3400  0.786472E+00  -.179899E+00  0.22874178
   0.3450  0.760262E+00  -.175368E+00  0.23066810
   0.3500  0.735004E+00  -.170802E+00  0.23238281
   0.3550  0.710845E+00  -.166152E+00  0.23373843
   0.3600  0.687602E+00  -.161516E+00  0.23489708
   0.3650  0.665254E+00  -.156909E+00  0.23586275
   0.3700  0.643779E+00  -.152342E+00  0.23663733
   0.3750  0.623014E+00  -.147887E+00  0.23737303
   0.3800  0.603085E+00  -.143490E+00  0.23792708
   0.3850  0.584107E+00  -.139118E+00  0.23817164
   0.3900  0.565911E+00  -.134831E+00  0.23825524
   0.3950  0.548470E+00  -.130633E+00  0.23817805
   0.4000  0.531760E+00  -.126532E+00  0.23794875
   0.4050  0.515603E+00  -.122534E+00  0.23765158
   0.4100  0.500072E+00  -.118636E+00  0.23723830
   0.4150  0.485124E+00  -.114844E+00  0.23673043
   0.4200  0.470782E+00  -.111156E+00  0.23611003
   0.4250  0.457195E+00  -.107574E+00  0.23529155
   0.4300  0.444231E+00  -.104097E+00  0.23432978
   0.4350  0.431499E+00  -.100724E+00  0.23342754
   0.4400  0.419484E+00  -.974555E-01  0.23232213
   0.4450  0.407931E+00  -.942900E-01  0.23114188
   0.4500  0.396989E+00  -.912250E-01  0.22979254
   0.4550  0.386350E+00  -.882613E-01  0.22844885
   0.4600  0.376374E+00  -.853955E-01  0.22689000
   0.4650  0.366630E+00  -.826251E-01  0.22536366
   0.4700  0.357391E+00  -.799478E-01  0.22369830
   0.4750  0.348566E+00  -.773613E-01  0.22194155
   0.4800  0.340039E+00  -.748640E-01  0.22016325
   0.4850  0.331925E+00  -.724524E-01  0.21827976
   0.4900  0.324175E+00  -.701234E-01  0.21631314
   0.4950  0.316864E+00  -.678774E-01  0.21421608
   0.5000  0.311909E+00  -.657103E-01  0.21067142
   0.5050  0.309504E+00  -.636177E-01  0.20554725
   0.5100  0.311237E+00  -.615987E-01  0.19791584
   0.5150  0.317890E+00  -.596511E-01  0.18764742
   0.5200  0.329449E+00  -.577736E-01  0.17536426
   0.5250  0.343630E+00  -.559620E-01  0.16285509
   0.5300  0.356335E+00  -.542152E-01  0.15214642
   0.5350  0.364797E+00  -.525287E-01  0.14399412
   0.5400  0.368153E+00  -.509023E-01  0.13826403
   0.5450  0.369368E+00  -.493332E-01  0.13356102
   0.5500  0.367672E+00  -.478191E-01  0.13005906
   0.5550  0.364956E+00  -.463584E-01  0.12702462
   0.5600  0.358090E+00  -.449482E-01  0.12552227
   0.5650  0.346966E+00  -.435884E-01  0.12562724
   0.5700  0.332443E+00  -.422761E-01  0.12716770
   0.5750  0.315614E+00  -.410094E-01  0.12993516
   0.5800  0.300183E+00  -.397857E-01  0.13253795
   0.5850  0.288717E+00  -.386059E-01  0.13371532
   0.5900  0.277783E+00  -.374669E-01  0.13487808
   0.5950  0.269632E+00  -.363672E-01  0.13487718
   0.6000  0.263587E+00  -.353046E-01  0.13393907
   0.6050  0.257107E+00  -.342791E-01  0.13332634
   0.6100  0.250306E+00  -.332886E-01  0.13299156
   0.6150  0.242724E+00  -.323316E-01  0.13320287
   0.6200  0.234274E+00  -.314072E-01  0.13406147
   0.6250  0.227703E+00  -.305141E-01  0.13400824
   0.6300  0.222935E+00  -.296512E-01  0.13300335
   0.6350  0.218095E+00  -.288171E-01  0.13213108
   0.6400  0.211181E+00  -.280107E-01  0.13263796
   0.6450  0.201816E+00  -.272312E-01  0.13493042
   0.6500  0.192125E+00  -.264774E-01  0.13781369
   0.6550  0.186078E+00  -.257487E-01  0.13837584
   0.6600  0.180932E+00  -.250439E-01  0.13841625
   0.6650  0.175005E+00  -.243621E-01  0.13920754
   0.6700  0.169537E+00  -.237025E-01  0.13980693
   0.6750  0.166242E+00  -.230643E-01  0.13873911
   0.6800  0.165043E+00  -.224467E-01  0.13600514
   0.6850  0.171254E+00  -.218492E-01  0.12758297
   0.6900  0.183184E+00  -.212708E-01  0.11611746
   0.6950  0.215046E+00  -.207113E-01  0.09631112
   0.7000  0.262297E+00  -.201698E-01  0.07689673
   0.7050  0.327891E+00  -.196457E-01  0.05991519
   0.7100  0.402974E+00  -.191381E-01  0.04749224
   0.7150  0.477027E+00  -.186463E-01  0.03908864
   0.7200  0.555393E+00  -.181698E-01  0.03271525
   0.7250  0.638432E+00  -.177081E-01  0.02773681
   0.7300  0.717552E+00  -.172604E-01  0.02405458
   0.7350  0.789592E+00  -.168263E-01  0.02131007
   0.7400  0.848711E+00  -.164051E-01  0.01932939
   0.7450  0.900688E+00  -.159965E-01  0.01776032
   0.7500  0.937197E+00  -.156000E-01  0.01664540
   0.7550  0.961205E+00  -.152153E-01  0.01582938
   0.7600  0.974892E+00  -.148419E-01  0.01522410
   0.7650  0.985002E+00  -.144795E-01  0.01469997
   0.7700  0.993115E+00  -.141278E-01  0.01422577
   0.7750  0.997365E+00  -.137865E-01  0.01382289
   0.7800  0.999142E+00  -.134551E-01  0.01346662
   0.7850  0.100232E+01  -.131334E-01  0.01310302
   0.7900  0.100531E+01  -.128210E-01  0.01275333
   0.7950  0.100837E+01  -.125177E-01  0.01241371
   0.8000  0.101259E+01  -.122230E-01  0.01207102
   0.8050  0.101447E+01  -.119368E-01  0.01176662
   0.8100  0.101635E+01  -.116588E-01  0.01147120
   0.8150  0.101825E+01  -.113886E-01  0.01118445
   0.8200  0.102017E+01  -.111261E-01  0.01090610
   0.8250  0.102200E+01  -.108709E-01  0.01063691
   0.8300  0.102384E+01  -.106228E-01  0.01037552
   0.8350  0.102569E+01  -.103817E-01  0.01012166
   0.8400  0.102756E+01  -.101472E-01  0.00987510
   0.8450  0.103020E+01  -.991923E-02  0.00962842
   0.8500  0.103286E+01  -.969748E-02  0.00938896
   0.8550  0.103553E+01  -.948179E-02  0.00915646
   0.8600  0.103821E+01  -.927196E-02  0.00893071
   0.8650  0.104008E+01  -.906779E-02  0.00871837
   0.8700  0.104196E+01  -.886913E-02  0.00851198
   0.8750  0.104385E+01  -.867578E-02  0.00831135
   0.8800  0.104575E+01  -.848758E-02  0.00811630
   0.8850  0.104727E+01  -.830438E-02  0.00792958
   0.8900  0.104880E+01  -.812602E-02  0.00774794
   0.8950  0.105034E+01  -.795234E-02  0.00757123
   0.9000  0.105189E+01  -.778321E-02  0.00739930
   0.9050  0.105294E+01  -.761849E-02  0.00723545
   0.9100  0.105400E+01  -.745803E-02  0.00707593
   0.9150  0.105507E+01  -.730171E-02  0.00692061
   0.9200  0.105614E+01  -.714941E-02  0.00676935
   0.9250  0.105424E+01  -.700099E-02  0.00664082
   0.9300  0.105233E+01  -.685635E-02  0.00651538
   0.9350  0.105044E+01  -.671537E-02  0.00639292
   0.9400  0.104855E+01  -.657795E-02  0.00627338
   0.9450  0.104318E+01  -.644397E-02  0.00617723
   0.9500  0.103782E+01  -.631334E-02  0.00608327
   0.9550  0.103246E+01  -.618596E-02  0.00599146
   0.9600  0.102711E+01  -.606173E-02  0.00590172
   0.9650  0.102572E+01  -.594058E-02  0.00579164
   0.9700  0.102433E+01  -.582241E-02  0.00568414
   0.9750  0.102294E+01  -.570712E-02  0.00557913
   0.9800  0.102156E+01  -.559464E-02  0.00547656
   0.9850  0.102439E+01  -.548490E-02  0.00535433
   0.9900  0.102722E+01  -.537781E-02  0.00523532
   0.9950  0.103005E+01  -.527329E-02  0.00511944
   1.0000  0.103289E+01  -.517126E-02  0.00500658
   1.0050  0.103691E+01  -.507167E-02  0.00489111
   1.0100  0.104094E+01  -.497443E-02  0.00477878
   1.0150  0.104497E+01  -.487949E-02  0.00466949
   1.0200  0.104901E+01  -.478678E-02  0.00456314
   1.0250  0.105324E+01  -.469624E-02  0.00445883
   1.0300  0.105748E+01  -.460781E-02  0.00435733
   1.0350  0.106173E+01  -.452143E-02  0.00425856
   1.0400  0.106598E+01  -.443704E-02  0.00416242
   1.0450  0.106924E+01  -.435459E-02  0.00407260
   1.0500  0.107251E+01  -.427402E-02  0.00398508
   1.0550  0.107578E+01  -.419530E-02  0.00389978
   1.0600  0.107905E+01  -.411836E-02  0.00381664
   1.0650  0.107851E+01  -.404315E-02  0.00374883
   1.0700  0.107797E+01  -.396963E-02  0.00368251
   1.0750  0.107743E+01  -.389777E-02  0.00361764
   1.0800  0.107690E+01  -.382750E-02  0.00355418
   1.0850  0.107590E+01  -.375880E-02  0.00349363
   1.0900  0.107491E+01  -.369162E-02  0.00343436
   1.0950  0.107391E+01  -.362592E-02  0.00337636
   1.1000  0.107292E+01  -.356167E-02  0.00331959
