   0.3000  0.139482E+01  -.203916E+00  0.14619467
   0.3050  0.138072E+01  -.200261E+00  0.14504119
   0.3100  0.136730E+01  -.196499E+00  0.14371321
   0.3150  0.135449E+01  -.192752E+00  0.14230645
   0.3200  0.134232E+01  -.188935E+00  0.14075291
   0.3250  0.133077E+01  -.185067E+00  0.13906817
   0.3300  0.131982E+01  -.181170E+00  0.13726881
   0.3350  0.130950E+01  -.177181E+00  0.13530467
   0.3400  0.129972E+01  -.173204E+00  0.13326238
   0.3450  0.129043E+01  -.169324E+00  0.13121527
   0.3500  0.128163E+01  -.165473E+00  0.12911058
   0.3550  0.127337E+01  -.161593E+00  0.12690145
   0.3600  0.126554E+01  -.157769E+00  0.12466579
   0.3650  0.125816E+01  -.154008E+00  0.12240763
   0.3700  0.125120E+01  -.150312E+00  0.12013493
   0.3750  0.124457E+01  -.146739E+00  0.11790310
   0.3800  0.123836E+01  -.143235E+00  0.11566507
   0.3850  0.123253E+01  -.139765E+00  0.11339683
   0.3900  0.122708E+01  -.136379E+00  0.11114103
   0.3950  0.122192E+01  -.133074E+00  0.10890599
   0.4000  0.121711E+01  -.129854E+00  0.10669075
   0.4050  0.121253E+01  -.126719E+00  0.10450754
   0.4100  0.120828E+01  -.123665E+00  0.10234849
   0.4150  0.120426E+01  -.120695E+00  0.10022381
   0.4200  0.120054E+01  -.117808E+00  0.09812914
   0.4250  0.119704E+01  -.114999E+00  0.09606990
   0.4300  0.119378E+01  -.112270E+00  0.09404577
   0.4350  0.119075E+01  -.109616E+00  0.09205629
   0.4400  0.118794E+01  -.107039E+00  0.09010445
   0.4450  0.118530E+01  -.104535E+00  0.08819345
   0.4500  0.118288E+01  -.102102E+00  0.08631675
   0.4550  0.118070E+01  -.996939E-01  0.08443603
   0.4600  0.117870E+01  -.973517E-01  0.08259232
   0.4650  0.117688E+01  -.950737E-01  0.08078431
   0.4700  0.117522E+01  -.928583E-01  0.07901331
   0.4750  0.117368E+01  -.907028E-01  0.07728087
   0.4800  0.117231E+01  -.886065E-01  0.07558284
   0.4850  0.117108E+01  -.865673E-01  0.07392097
   0.4900  0.116998E+01  -.845812E-01  0.07229308
   0.4950  0.116896E+01  -.826503E-01  0.07070408
   0.5000  0.116810E+01  -.807708E-01  0.06914721
   0.5050  0.116746E+01  -.788944E-01  0.06757801
   0.5100  0.116692E+01  -.770656E-01  0.06604183
   0.5150  0.116647E+01  -.752817E-01  0.06453819
   0.5200  0.116611E+01  -.735428E-01  0.06306676
   0.5250  0.116586E+01  -.718470E-01  0.06162556
   0.5300  0.116570E+01  -.701925E-01  0.06021463
   0.5350  0.116563E+01  -.685768E-01  0.05883247
   0.5400  0.116559E+01  -.670006E-01  0.05748190
   0.5450  0.116567E+01  -.654615E-01  0.05615770
   0.5500  0.116582E+01  -.639580E-01  0.05486088
   0.5550  0.116613E+01  -.624711E-01  0.05357125
   0.5600  0.116650E+01  -.610161E-01  0.05230686
   0.5650  0.116694E+01  -.595943E-01  0.05106899
   0.5700  0.116740E+01  -.582037E-01  0.04985770
   0.5750  0.116795E+01  -.568429E-01  0.04866914
   0.5800  0.116855E+01  -.555097E-01  0.04750315
   0.5850  0.116920E+01  -.542058E-01  0.04636133
   0.5900  0.116990E+01  -.529287E-01  0.04524191
   0.5950  0.117065E+01  -.516774E-01  0.04414413
   0.6000  0.117141E+01  -.504513E-01  0.04306901
   0.6050  0.117228E+01  -.492386E-01  0.04200226
   0.6100  0.117320E+01  -.480495E-01  0.04095599
   0.6150  0.117415E+01  -.468832E-01  0.03992944
   0.6200  0.117514E+01  -.457393E-01  0.03892244
   0.6250  0.117616E+01  -.446169E-01  0.03793432
   0.6300  0.117721E+01  -.435151E-01  0.03696446
   0.6350  0.117828E+01  -.424333E-01  0.03601294
   0.6400  0.117937E+01  -.413709E-01  0.03507869
   0.6450  0.118051E+01  -.403273E-01  0.03416079
   0.6500  0.118168E+01  -.393017E-01  0.03325921
   0.6550  0.118285E+01  -.383119E-01  0.03238951
   0.6600  0.118404E+01  -.373394E-01  0.03153554
   0.6650  0.118526E+01  -.363838E-01  0.03069689
   0.6700  0.118650E+01  -.354443E-01  0.02987311
   0.6750  0.118775E+01  -.345206E-01  0.02906384
   0.6800  0.118899E+01  -.336121E-01  0.02826941
   0.6850  0.119029E+01  -.327185E-01  0.02748793
   0.6900  0.119160E+01  -.318392E-01  0.02671978
   0.6950  0.119292E+01  -.309737E-01  0.02596457
   0.7000  0.119426E+01  -.301217E-01  0.02522200
   0.7050  0.119553E+01  -.293197E-01  0.02452438
   0.7100  0.119682E+01  -.285306E-01  0.02383870
   0.7150  0.119811E+01  -.277539E-01  0.02316471
   0.7200  0.119942E+01  -.269895E-01  0.02250204
   0.7250  0.120071E+01  -.262367E-01  0.02185093
   0.7300  0.120204E+01  -.254954E-01  0.02121002
   0.7350  0.120339E+01  -.247651E-01  0.02057952
   0.7400  0.120474E+01  -.240457E-01  0.01995925
   0.7450  0.120610E+01  -.233367E-01  0.01934887
   0.7500  0.120747E+01  -.226379E-01  0.01874820
   0.7550  0.120871E+01  -.219991E-01  0.01820045
   0.7600  0.120997E+01  -.213700E-01  0.01766165
   0.7650  0.121122E+01  -.207502E-01  0.01713158
   0.7700  0.121249E+01  -.201396E-01  0.01661007
   0.7750  0.121373E+01  -.195377E-01  0.01609717
   0.7800  0.121501E+01  -.189445E-01  0.01559198
   0.7850  0.121630E+01  -.183596E-01  0.01509458
   0.7900  0.121759E+01  -.177828E-01  0.01460483
   0.7950  0.121889E+01  -.172139E-01  0.01412257
   0.8000  0.122020E+01  -.166527E-01  0.01364752
   0.8050  0.122134E+01  -.161559E-01  0.01322804
   0.8100  0.122248E+01  -.156663E-01  0.01281516
   0.8150  0.122363E+01  -.151837E-01  0.01240871
   0.8200  0.122479E+01  -.147078E-01  0.01200844
   0.8250  0.122594E+01  -.142386E-01  0.01161441
   0.8300  0.122710E+01  -.137757E-01  0.01122624
   0.8350  0.122826E+01  -.133192E-01  0.01084395
   0.8400  0.122942E+01  -.128687E-01  0.01046730
   0.8450  0.123060E+01  -.124243E-01  0.01009611
   0.8500  0.123178E+01  -.119855E-01  0.00973025
   0.8550  0.117379E+01  -.121132E-01  0.01031976
   0.8600  0.112070E+01  -.122442E-01  0.01092552
   0.8650  0.107190E+01  -.123782E-01  0.01154794
   0.8700  0.102687E+01  -.125148E-01  0.01218732
   0.8750  0.985182E+00  -.126537E-01  0.01284402
   0.8800  0.946463E+00  -.127947E-01  0.01351846
   0.8850  0.910396E+00  -.129375E-01  0.01421089
   0.8900  0.876711E+00  -.130817E-01  0.01492136
   0.8950  0.845173E+00  -.132272E-01  0.01565033
   0.9000  0.815578E+00  -.133739E-01  0.01639808
   0.9050  0.817469E+00  -.131482E-01  0.01608408
   0.9100  0.819374E+00  -.129259E-01  0.01577532
   0.9150  0.821295E+00  -.127067E-01  0.01547153
   0.9200  0.823230E+00  -.124905E-01  0.01517257
   0.9250  0.825180E+00  -.122774E-01  0.01487849
   0.9300  0.827144E+00  -.120673E-01  0.01458906
   0.9350  0.829122E+00  -.118599E-01  0.01430420
   0.9400  0.831115E+00  -.116554E-01  0.01402378
   0.9450  0.833120E+00  -.114534E-01  0.01374755
   0.9500  0.835139E+00  -.112539E-01  0.01347551
   0.9550  0.836823E+00  -.110978E-01  0.01326186
   0.9600  0.838520E+00  -.109441E-01  0.01305166
   0.9650  0.840233E+00  -.107926E-01  0.01284477
   0.9700  0.841958E+00  -.106433E-01  0.01264114
   0.9750  0.843696E+00  -.104962E-01  0.01244071
   0.9800  0.845447E+00  -.103511E-01  0.01224337
   0.9850  0.847211E+00  -.102080E-01  0.01204894
   0.9900  0.848988E+00  -.100670E-01  0.01185767
   0.9950  0.850777E+00  -.992787E-02  0.01166917
   1.0000  0.852580E+00  -.979057E-02  0.01148346
   1.0050  0.854068E+00  -.968867E-02  0.01134415
   1.0100  0.855567E+00  -.958843E-02  0.01120711
   1.0150  0.857078E+00  -.948981E-02  0.01107228
   1.0200  0.858601E+00  -.939275E-02  0.01093960
   1.0250  0.860136E+00  -.929741E-02  0.01080923
   1.0300  0.861685E+00  -.920336E-02  0.01068066
   1.0350  0.863243E+00  -.911097E-02  0.01055435
   1.0400  0.864814E+00  -.901973E-02  0.01042968
   1.0450  0.866397E+00  -.892985E-02  0.01030688
   1.0500  0.867991E+00  -.884129E-02  0.01018592
   1.0550  0.867894E+00  -.878437E-02  0.01012149
   1.0600  0.867798E+00  -.872877E-02  0.01005852
   1.0650  0.867702E+00  -.867444E-02  0.00999702
   1.0700  0.867609E+00  -.862134E-02  0.00993690
   1.0750  0.867517E+00  -.856946E-02  0.00987814
   1.0800  0.867428E+00  -.851875E-02  0.00982070
   1.0850  0.867343E+00  -.846918E-02  0.00976451
   1.0900  0.867259E+00  -.842072E-02  0.00970958
   1.0950  0.867178E+00  -.837335E-02  0.00965586
   1.1000  0.867098E+00  -.832703E-02  0.00960333
