   0.3000  0.102468E+01  -.212405E+00  0.20728930
   0.3050  0.990280E+00  -.208920E+00  0.21097031
   0.3100  0.956757E+00  -.205204E+00  0.21447838
   0.3150  0.923945E+00  -.201396E+00  0.21797441
   0.3200  0.892052E+00  -.197400E+00  0.22128753
   0.3250  0.861090E+00  -.193241E+00  0.22441426
   0.3300  0.831066E+00  -.188947E+00  0.22735513
   0.3350  0.802158E+00  -.184454E+00  0.22994761
   0.3400  0.774183E+00  -.179890E+00  0.23236159
   0.3450  0.746962E+00  -.175359E+00  0.23476328
   0.3500  0.720665E+00  -.170793E+00  0.23699419
   0.3550  0.695547E+00  -.166143E+00  0.23886670
   0.3600  0.671219E+00  -.161507E+00  0.24061710
   0.3650  0.647817E+00  -.156900E+00  0.24219729
   0.3700  0.625271E+00  -.152333E+00  0.24362755
   0.3750  0.603354E+00  -.147878E+00  0.24509291
   0.3800  0.582373E+00  -.143481E+00  0.24637333
   0.3850  0.562215E+00  -.139109E+00  0.24742942
   0.3900  0.542950E+00  -.134822E+00  0.24831440
   0.3950  0.524303E+00  -.130625E+00  0.24913952
   0.4000  0.506506E+00  -.126523E+00  0.24979574
   0.4050  0.489247E+00  -.122525E+00  0.25043688
   0.4100  0.472794E+00  -.118628E+00  0.25090816
   0.4150  0.456857E+00  -.114835E+00  0.25135971
   0.4200  0.441684E+00  -.111148E+00  0.25164621
   0.4250  0.427046E+00  -.107566E+00  0.25188443
   0.4300  0.412987E+00  -.104089E+00  0.25203905
   0.4350  0.399559E+00  -.100716E+00  0.25206844
   0.4400  0.386669E+00  -.974482E-01  0.25201954
   0.4450  0.374144E+00  -.942829E-01  0.25199608
   0.4500  0.362263E+00  -.912181E-01  0.25180043
   0.4550  0.350781E+00  -.882546E-01  0.25159441
   0.4600  0.339753E+00  -.853889E-01  0.25132625
   0.4650  0.329239E+00  -.826187E-01  0.25093806
   0.4700  0.319144E+00  -.799416E-01  0.25048713
   0.4750  0.309289E+00  -.773552E-01  0.25010631
   0.4800  0.299979E+00  -.748581E-01  0.24954443
   0.4850  0.291037E+00  -.724467E-01  0.24892629
   0.4900  0.282447E+00  -.701178E-01  0.24825175
   0.4950  0.274028E+00  -.678720E-01  0.24768245
   0.5000  0.266099E+00  -.657047E-01  0.24691841
   0.5050  0.258495E+00  -.636118E-01  0.24608506
   0.5100  0.251186E+00  -.615921E-01  0.24520477
   0.5150  0.244075E+00  -.596434E-01  0.24436533
   0.5200  0.237233E+00  -.577643E-01  0.24349162
   0.5250  0.230737E+00  -.559512E-01  0.24248896
   0.5300  0.224489E+00  -.542031E-01  0.24145049
   0.5350  0.218479E+00  -.525159E-01  0.24037020
   0.5400  0.212521E+00  -.508893E-01  0.23945579
   0.5450  0.206956E+00  -.493202E-01  0.23831262
   0.5500  0.201600E+00  -.478064E-01  0.23713447
   0.5550  0.196433E+00  -.463461E-01  0.23593862
   0.5600  0.191458E+00  -.449366E-01  0.23470802
   0.5650  0.186667E+00  -.435777E-01  0.23345122
   0.5700  0.181872E+00  -.422664E-01  0.23239696
   0.5750  0.177427E+00  -.410009E-01  0.23108677
   0.5800  0.173143E+00  -.397782E-01  0.22974229
   0.5850  0.169015E+00  -.385992E-01  0.22837691
   0.5900  0.165037E+00  -.374608E-01  0.22698445
   0.5950  0.161202E+00  -.363617E-01  0.22556634
   0.6000  0.157317E+00  -.352994E-01  0.22438379
   0.6050  0.153759E+00  -.342742E-01  0.22290925
   0.6100  0.150326E+00  -.332841E-01  0.22141273
   0.6150  0.147014E+00  -.323274E-01  0.21989371
   0.6200  0.143817E+00  -.314034E-01  0.21835607
   0.6250  0.140732E+00  -.305106E-01  0.21679917
   0.6300  0.137754E+00  -.296479E-01  0.21522392
   0.6350  0.134783E+00  -.288141E-01  0.21378110
   0.6400  0.131910E+00  -.280079E-01  0.21232519
   0.6450  0.129227E+00  -.272287E-01  0.21070480
   0.6500  0.126634E+00  -.264753E-01  0.20906943
   0.6550  0.124129E+00  -.257467E-01  0.20741991
   0.6600  0.121707E+00  -.250421E-01  0.20575707
   0.6650  0.119366E+00  -.243605E-01  0.20408174
   0.6700  0.117103E+00  -.237010E-01  0.20239474
   0.6750  0.114914E+00  -.230629E-01  0.20069685
   0.6800  0.112605E+00  -.224454E-01  0.19932922
   0.6850  0.110556E+00  -.218476E-01  0.19761584
   0.6900  0.108574E+00  -.212690E-01  0.19589383
   0.6950  0.106656E+00  -.207088E-01  0.19416396
   0.7000  0.104800E+00  -.201663E-01  0.19242698
   0.7050  0.103002E+00  -.196409E-01  0.19068363
   0.7100  0.101262E+00  -.191319E-01  0.18893465
   0.7150  0.995769E-01  -.186389E-01  0.18718077
   0.7200  0.979445E-01  -.181611E-01  0.18542269
   0.7250  0.961680E-01  -.176982E-01  0.18403371
   0.7300  0.946355E-01  -.172494E-01  0.18227219
   0.7350  0.931504E-01  -.168144E-01  0.18050843
   0.7400  0.917109E-01  -.163927E-01  0.17874309
   0.7450  0.903154E-01  -.159837E-01  0.17697683
   0.7500  0.889624E-01  -.155871E-01  0.17521028
   0.7550  0.876461E-01  -.152025E-01  0.17345272
   0.7600  0.863696E-01  -.148293E-01  0.17169574
   0.7650  0.851314E-01  -.144672E-01  0.16993994
   0.7700  0.839301E-01  -.141159E-01  0.16818592
   0.7750  0.825674E-01  -.137749E-01  0.16683164
   0.7800  0.814360E-01  -.134438E-01  0.16508457
   0.7850  0.803379E-01  -.131225E-01  0.16334086
   0.7900  0.792720E-01  -.128104E-01  0.16160107
   0.7950  0.782370E-01  -.125074E-01  0.15986572
   0.8000  0.772319E-01  -.122131E-01  0.15813533
   0.8050  0.762591E-01  -.119272E-01  0.15640354
   0.8100  0.753141E-01  -.116494E-01  0.15467801
   0.8150  0.743960E-01  -.113795E-01  0.15295923
   0.8200  0.735038E-01  -.111173E-01  0.15124762
   0.8250  0.725872E-01  -.108624E-01  0.14964593
   0.8300  0.716948E-01  -.106146E-01  0.14805259
   0.8350  0.708258E-01  -.103737E-01  0.14646793
   0.8400  0.699795E-01  -.101395E-01  0.14489225
   0.8450  0.692049E-01  -.991171E-02  0.14322278
   0.8500  0.684515E-01  -.969019E-02  0.14156274
   0.8550  0.677188E-01  -.947471E-02  0.13991249
   0.8600  0.670060E-01  -.926508E-02  0.13827235
   0.8650  0.663126E-01  -.906112E-02  0.13664265
   0.8700  0.656378E-01  -.886265E-02  0.13502368
   0.8750  0.649811E-01  -.866950E-02  0.13341573
   0.8800  0.643419E-01  -.848149E-02  0.13181907
   0.8850  0.636697E-01  -.829847E-02  0.13033619
   0.8900  0.630139E-01  -.812028E-02  0.12886483
   0.8950  0.623740E-01  -.794677E-02  0.12740515
   0.9000  0.617495E-01  -.777780E-02  0.12595732
   0.9050  0.611900E-01  -.761324E-02  0.12441961
   0.9100  0.606450E-01  -.745294E-02  0.12289447
   0.9150  0.601141E-01  -.729677E-02  0.12138207
   0.9200  0.595968E-01  -.714461E-02  0.11988258
   0.9250  0.590927E-01  -.699635E-02  0.11839617
   0.9300  0.586014E-01  -.685185E-02  0.11692297
   0.9350  0.581226E-01  -.671102E-02  0.11546313
   0.9400  0.576559E-01  -.657374E-02  0.11401677
   0.9450  0.571507E-01  -.643990E-02  0.11268290
   0.9500  0.566568E-01  -.630941E-02  0.11136198
   0.9550  0.561739E-01  -.618217E-02  0.11005408
   0.9600  0.557017E-01  -.605807E-02  0.10875922
   0.9650  0.552901E-01  -.593704E-02  0.10737972
   0.9700  0.548886E-01  -.581897E-02  0.10601415
   0.9750  0.544969E-01  -.570379E-02  0.10466257
   0.9800  0.541148E-01  -.559141E-02  0.10332503
   0.9850  0.537419E-01  -.548175E-02  0.10200155
   0.9900  0.533780E-01  -.537474E-02  0.10069216
   0.9950  0.530228E-01  -.527030E-02  0.09939689
   1.0000  0.526760E-01  -.516835E-02  0.09811573
   1.0050  0.522872E-01  -.506882E-02  0.09694200
   1.0100  0.519063E-01  -.497166E-02  0.09578138
   1.0150  0.515332E-01  -.487678E-02  0.09463381
   1.0200  0.511677E-01  -.478414E-02  0.09349927
   1.0250  0.508599E-01  -.469366E-02  0.09228612
   1.0300  0.505592E-01  -.460529E-02  0.09108698
   1.0350  0.502656E-01  -.451897E-02  0.08990180
   1.0400  0.499787E-01  -.443463E-02  0.08873054
   1.0450  0.496984E-01  -.435224E-02  0.08757316
   1.0500  0.494245E-01  -.427174E-02  0.08642960
   1.0550  0.491568E-01  -.419306E-02  0.08529981
   1.0600  0.488952E-01  -.411618E-02  0.08418372
   1.0650  0.485890E-01  -.404103E-02  0.08316761
   1.0700  0.482885E-01  -.396757E-02  0.08216388
   1.0750  0.479936E-01  -.389576E-02  0.08117246
   1.0800  0.477042E-01  -.382555E-02  0.08019325
   1.0850  0.474705E-01  -.375690E-02  0.07914182
   1.0900  0.472420E-01  -.368978E-02  0.07810363
   1.0950  0.470186E-01  -.362412E-02  0.07707855
   1.1000  0.468000E-01  -.355992E-02  0.07606653
