   0.3000  0.102896E+01  -.212410E+00  0.20643212
   0.3050  0.994896E+00  -.208925E+00  0.20999660
   0.3100  0.961717E+00  -.205209E+00  0.21337735
   0.3150  0.929259E+00  -.201401E+00  0.21673323
   0.3200  0.897727E+00  -.197405E+00  0.21989429
   0.3250  0.867131E+00  -.193246E+00  0.22285668
   0.3300  0.837477E+00  -.188952E+00  0.22562055
   0.3350  0.808942E+00  -.184459E+00  0.22802545
   0.3400  0.781342E+00  -.179895E+00  0.23023893
   0.3450  0.754502E+00  -.175364E+00  0.23242414
   0.3500  0.728585E+00  -.170798E+00  0.23442466
   0.3550  0.703744E+00  -.166148E+00  0.23609122
   0.3600  0.679793E+00  -.161511E+00  0.23758917
   0.3650  0.656714E+00  -.156904E+00  0.23892339
   0.3700  0.634485E+00  -.152338E+00  0.24009649
   0.3750  0.612943E+00  -.147882E+00  0.24126582
   0.3800  0.592216E+00  -.143486E+00  0.24228567
   0.3850  0.572425E+00  -.139113E+00  0.24302362
   0.3900  0.553399E+00  -.134826E+00  0.24363298
   0.3950  0.535113E+00  -.130629E+00  0.24411416
   0.4000  0.517543E+00  -.126527E+00  0.24447607
   0.4050  0.499973E+00  -.122529E+00  0.24507099
   0.4100  0.486763E+00  -.118632E+00  0.24371666
   0.4150  0.469743E+00  -.114839E+00  0.24447240
   0.4200  0.454569E+00  -.111152E+00  0.24452132
   0.4250  0.440741E+00  -.107570E+00  0.24406599
   0.4300  0.427440E+00  -.104092E+00  0.24352505
   0.4350  0.412082E+00  -.100719E+00  0.24441548
   0.4400  0.401218E+00  -.974515E-01  0.24288934
   0.4450  0.389423E+00  -.942861E-01  0.24211756
   0.4500  0.375464E+00  -.912207E-01  0.24295471
   0.4550  0.366744E+00  -.882576E-01  0.24065194
   0.4600  0.356246E+00  -.853918E-01  0.23969929
   0.4650  0.344875E+00  -.826214E-01  0.23956925
   0.4700  0.338463E+00  -.799447E-01  0.23619920
   0.4750  0.324984E+00  -.773576E-01  0.23803495
   0.4800  0.313573E+00  -.748601E-01  0.23873283
   0.4850  0.306003E+00  -.724488E-01  0.23675849
   0.4900  0.297404E+00  -.701198E-01  0.23577305
   0.4950  0.287742E+00  -.678737E-01  0.23588402
   0.5000  0.282858E+00  -.657068E-01  0.23229627
   0.5050  0.273687E+00  -.636135E-01  0.23243191
   0.5100  0.264874E+00  -.615936E-01  0.23253900
   0.5150  0.259390E+00  -.596450E-01  0.22994347
   0.5200  0.251146E+00  -.577657E-01  0.23000824
   0.5250  0.246973E+00  -.559527E-01  0.22655380
   0.5300  0.236964E+00  -.542042E-01  0.22874445
   0.5350  0.233929E+00  -.525173E-01  0.22450045
   0.5400  0.228300E+00  -.508906E-01  0.22291146
   0.5450  0.221877E+00  -.493214E-01  0.22229222
   0.5500  0.218947E+00  -.478077E-01  0.21835293
   0.5550  0.212729E+00  -.463473E-01  0.21786976
   0.5600  0.207395E+00  -.449377E-01  0.21667677
   0.5650  0.202446E+00  -.435787E-01  0.21526147
   0.5700  0.197670E+00  -.422674E-01  0.21382824
   0.5750  0.194266E+00  -.410020E-01  0.21106102
   0.5800  0.189946E+00  -.397792E-01  0.20942407
   0.5850  0.186930E+00  -.386002E-01  0.20649505
   0.5900  0.182519E+00  -.374618E-01  0.20524842
   0.5950  0.179239E+00  -.363626E-01  0.20287226
   0.6000  0.172655E+00  -.353002E-01  0.20445515
   0.6050  0.170912E+00  -.342750E-01  0.20054184
   0.6100  0.166742E+00  -.332848E-01  0.19961885
   0.6150  0.164500E+00  -.323281E-01  0.19652353
   0.6200  0.160633E+00  -.314041E-01  0.19550181
   0.6250  0.157480E+00  -.305113E-01  0.19374693
   0.6300  0.154694E+00  -.296485E-01  0.19165900
   0.6350  0.152736E+00  -.288147E-01  0.18865660
   0.6400  0.147178E+00  -.280084E-01  0.19030346
   0.6450  0.145277E+00  -.272292E-01  0.18742946
   0.6500  0.143918E+00  -.264759E-01  0.18396526
   0.6550  0.139566E+00  -.257472E-01  0.18448074
   0.6600  0.139181E+00  -.250426E-01  0.17992885
   0.6650  0.135693E+00  -.243609E-01  0.17953041
   0.6700  0.134520E+00  -.237015E-01  0.17619251
   0.6750  0.133276E+00  -.230634E-01  0.17304927
   0.6800  0.130121E+00  -.224458E-01  0.17250011
   0.6850  0.128255E+00  -.218481E-01  0.17034835
   0.6900  0.123043E+00  -.212694E-01  0.17286147
   0.6950  0.122075E+00  -.207091E-01  0.16964218
   0.7000  0.123664E+00  -.201667E-01  0.16307654
   0.7050  0.117946E+00  -.196412E-01  0.16652748
   0.7100  0.120179E+00  -.191323E-01  0.15919852
   0.7150  0.117059E+00  -.186392E-01  0.15922940
   0.7200  0.111848E+00  -.181614E-01  0.16237520
   0.7250  0.113760E+00  -.176985E-01  0.15557715
   0.7300  0.112336E+00  -.172497E-01  0.15355543
   0.7350  0.111519E+00  -.168147E-01  0.15077847
   0.7400  0.110775E+00  -.163930E-01  0.14798416
   0.7450  0.108655E+00  -.159840E-01  0.14710793
   0.7500  0.106436E+00  -.155874E-01  0.14644891
   0.7550  0.106210E+00  -.152027E-01  0.14313835
   0.7600  0.103878E+00  -.148295E-01  0.14275976
   0.7650  0.102040E+00  -.144675E-01  0.14178267
   0.7700  0.101579E+00  -.141161E-01  0.13896662
   0.7750  0.996717E-01  -.137751E-01  0.13820447
   0.7800  0.101185E+00  -.134441E-01  0.13286689
   0.7850  0.982792E-01  -.131227E-01  0.13352457
   0.7900  0.958929E-01  -.128106E-01  0.13359302
   0.7950  0.974048E-01  -.125076E-01  0.12840870
   0.8000  0.954745E-01  -.122133E-01  0.12792202
   0.8050  0.936930E-01  -.119274E-01  0.12730268
   0.8100  0.919378E-01  -.116496E-01  0.12671171
   0.8150  0.902080E-01  -.113797E-01  0.12614951
   0.8200  0.885029E-01  -.111174E-01  0.12561651
   0.8250  0.876818E-01  -.108625E-01  0.12388561
   0.8300  0.868848E-01  -.106147E-01  0.12217016
   0.8350  0.861110E-01  -.103738E-01  0.12047043
   0.8400  0.853598E-01  -.101396E-01  0.11878669
   0.8450  0.850904E-01  -.991184E-02  0.11648596
   0.8500  0.848426E-01  -.969031E-02  0.11421518
   0.8550  0.846157E-01  -.947483E-02  0.11197492
   0.8600  0.844090E-01  -.926521E-02  0.10976568
   0.8650  0.837208E-01  -.906124E-02  0.10823166
   0.8700  0.830511E-01  -.886277E-02  0.10671462
   0.8750  0.823993E-01  -.866961E-02  0.10521464
   0.8800  0.817647E-01  -.848160E-02  0.10373178
   0.8850  0.803835E-01  -.829857E-02  0.10323722
   0.8900  0.790178E-01  -.812037E-02  0.10276630
   0.8950  0.776673E-01  -.794686E-02  0.10231924
   0.9000  0.763314E-01  -.777788E-02  0.10189630
   0.9050  0.766210E-01  -.761332E-02  0.09936334
   0.9100  0.769257E-01  -.745302E-02  0.09688599
   0.9150  0.772449E-01  -.729686E-02  0.09446393
   0.9200  0.775782E-01  -.714470E-02  0.09209677
   0.9250  0.766348E-01  -.699643E-02  0.09129575
   0.9300  0.757037E-01  -.685193E-02  0.09050985
   0.9350  0.747846E-01  -.671109E-02  0.08973896
   0.9400  0.738772E-01  -.657381E-02  0.08898295
   0.9450  0.730282E-01  -.643997E-02  0.08818469
   0.9500  0.721902E-01  -.630947E-02  0.08740070
   0.9550  0.713629E-01  -.618223E-02  0.08663083
   0.9600  0.705459E-01  -.605813E-02  0.08587499
   0.9650  0.701387E-01  -.593709E-02  0.08464790
   0.9700  0.697414E-01  -.581902E-02  0.08343712
   0.9750  0.693539E-01  -.570384E-02  0.08224259
   0.9800  0.689757E-01  -.559146E-02  0.08106418
   0.9850  0.681976E-01  -.548180E-02  0.08038121
   0.9900  0.674280E-01  -.537479E-02  0.07971142
   0.9950  0.666670E-01  -.527034E-02  0.07905471
   1.0000  0.659141E-01  -.516839E-02  0.07841095
   1.0050  0.655853E-01  -.506886E-02  0.07728653
   1.0100  0.652645E-01  -.497170E-02  0.07617765
   1.0150  0.649514E-01  -.487682E-02  0.07508418
   1.0200  0.646458E-01  -.478418E-02  0.07400600
   1.0250  0.643359E-01  -.469370E-02  0.07295614
   1.0300  0.640330E-01  -.460532E-02  0.07192106
   1.0350  0.637371E-01  -.451900E-02  0.07090062
   1.0400  0.634478E-01  -.443467E-02  0.06989467
   1.0450  0.631727E-01  -.435227E-02  0.06889485
   1.0500  0.629039E-01  -.427177E-02  0.06790940
   1.0550  0.626413E-01  -.419309E-02  0.06693820
   1.0600  0.623847E-01  -.411621E-02  0.06598108
   1.0650  0.625864E-01  -.404106E-02  0.06456767
   1.0700  0.627940E-01  -.396760E-02  0.06318439
   1.0750  0.630073E-01  -.389579E-02  0.06183077
   1.0800  0.632261E-01  -.382558E-02  0.06050633
   1.0850  0.625043E-01  -.375693E-02  0.06010678
   1.0900  0.617874E-01  -.368980E-02  0.05971771
   1.0950  0.610753E-01  -.362415E-02  0.05933903
   1.1000  0.603679E-01  -.355994E-02  0.05897070
