   0.3000  0.165090E+01  -.202516E+00  0.12267041
   0.3050  0.164596E+01  -.198791E+00  0.12077535
   0.3100  0.164133E+01  -.194970E+00  0.11878782
   0.3150  0.163697E+01  -.191171E+00  0.11678330
   0.3200  0.163289E+01  -.187314E+00  0.11471268
   0.3250  0.162906E+01  -.183416E+00  0.11258949
   0.3300  0.162547E+01  -.179497E+00  0.11042735
   0.3350  0.162211E+01  -.175497E+00  0.10819050
   0.3400  0.161897E+01  -.171518E+00  0.10594270
   0.3450  0.161602E+01  -.167639E+00  0.10373633
   0.3500  0.161325E+01  -.163797E+00  0.10153217
   0.3550  0.161046E+01  -.159933E+00  0.09930854
   0.3600  0.160784E+01  -.156129E+00  0.09710491
   0.3650  0.160538E+01  -.152392E+00  0.09492590
   0.3700  0.160307E+01  -.148723E+00  0.09277421
   0.3750  0.160090E+01  -.145179E+00  0.09068610
   0.3800  0.159886E+01  -.141707E+00  0.08862986
   0.3850  0.159698E+01  -.138271E+00  0.08658293
   0.3900  0.159522E+01  -.134920E+00  0.08457780
   0.3950  0.159359E+01  -.131652E+00  0.08261393
   0.4000  0.159207E+01  -.128470E+00  0.08069340
   0.4050  0.159053E+01  -.125372E+00  0.07882386
   0.4100  0.158933E+01  -.122357E+00  0.07698619
   0.4150  0.158796E+01  -.119425E+00  0.07520607
   0.4200  0.158677E+01  -.116574E+00  0.07346624
   0.4250  0.158572E+01  -.113803E+00  0.07176759
   0.4300  0.158476E+01  -.111111E+00  0.07011180
   0.4350  0.158374E+01  -.108493E+00  0.06850438
   0.4400  0.158304E+01  -.105952E+00  0.06692940
   0.4450  0.158233E+01  -.103483E+00  0.06539913
   0.4500  0.158156E+01  -.101084E+00  0.06391395
   0.4550  0.158119E+01  -.987085E-01  0.06242683
   0.4600  0.158077E+01  -.963984E-01  0.06098204
   0.4650  0.158035E+01  -.941516E-01  0.05957642
   0.4700  0.158024E+01  -.919666E-01  0.05819804
   0.4750  0.157981E+01  -.898403E-01  0.05686795
   0.4800  0.157953E+01  -.877724E-01  0.05556875
   0.4850  0.157949E+01  -.857608E-01  0.05429667
   0.4900  0.157943E+01  -.838014E-01  0.05305791
   0.4950  0.157937E+01  -.818962E-01  0.05185378
   0.5000  0.157957E+01  -.800418E-01  0.05067306
   0.5050  0.157960E+01  -.781892E-01  0.04949933
   0.5100  0.157968E+01  -.763833E-01  0.04835359
   0.5150  0.157995E+01  -.746217E-01  0.04723032
   0.5200  0.158013E+01  -.729042E-01  0.04613811
   0.5250  0.158052E+01  -.712291E-01  0.04506681
   0.5300  0.158068E+01  -.695944E-01  0.04402800
   0.5350  0.158119E+01  -.679979E-01  0.04300440
   0.5400  0.158160E+01  -.664402E-01  0.04200826
   0.5450  0.158201E+01  -.649189E-01  0.04103582
   0.5500  0.158259E+01  -.634326E-01  0.04008159
   0.5550  0.158310E+01  -.619621E-01  0.03913981
   0.5600  0.158367E+01  -.605230E-01  0.03821702
   0.5650  0.158428E+01  -.591165E-01  0.03731454
   0.5700  0.158491E+01  -.577406E-01  0.03643138
   0.5750  0.158563E+01  -.563940E-01  0.03556572
   0.5800  0.158632E+01  -.550744E-01  0.03471829
   0.5850  0.158709E+01  -.537836E-01  0.03388818
   0.5900  0.158782E+01  -.525192E-01  0.03307627
   0.5950  0.158861E+01  -.512800E-01  0.03227981
   0.6000  0.158929E+01  -.500656E-01  0.03150194
   0.6050  0.159017E+01  -.488642E-01  0.03072890
   0.6100  0.159097E+01  -.476859E-01  0.02997285
   0.6150  0.159186E+01  -.465301E-01  0.02923000
   0.6200  0.159270E+01  -.453962E-01  0.02850265
   0.6250  0.159358E+01  -.442834E-01  0.02778864
   0.6300  0.159448E+01  -.431909E-01  0.02708771
   0.6350  0.159543E+01  -.421182E-01  0.02639925
   0.6400  0.159626E+01  -.410644E-01  0.02572542
   0.6450  0.159722E+01  -.400291E-01  0.02506163
   0.6500  0.159822E+01  -.390116E-01  0.02440933
   0.6550  0.159909E+01  -.380295E-01  0.02378197
   0.6600  0.160010E+01  -.370645E-01  0.02316384
   0.6650  0.160102E+01  -.361160E-01  0.02255819
   0.6700  0.160202E+01  -.351836E-01  0.02196202
   0.6750  0.160302E+01  -.342666E-01  0.02137623
   0.6800  0.160397E+01  -.333646E-01  0.02080125
   0.6850  0.160497E+01  -.324772E-01  0.02023543
   0.6900  0.160585E+01  -.316038E-01  0.01968035
   0.6950  0.160689E+01  -.307441E-01  0.01913263
   0.7000  0.160802E+01  -.298978E-01  0.01859287
   0.7050  0.160883E+01  -.291011E-01  0.01808836
   0.7100  0.160991E+01  -.283173E-01  0.01758940
   0.7150  0.161081E+01  -.275458E-01  0.01710053
   0.7200  0.161166E+01  -.267861E-01  0.01662024
   0.7250  0.161273E+01  -.260381E-01  0.01614535
   0.7300  0.161371E+01  -.253014E-01  0.01567908
   0.7350  0.161470E+01  -.245756E-01  0.01521990
   0.7400  0.161570E+01  -.238604E-01  0.01476785
   0.7450  0.161666E+01  -.231555E-01  0.01432306
   0.7500  0.161762E+01  -.224607E-01  0.01388503
   0.7550  0.161853E+01  -.218258E-01  0.01348496
   0.7600  0.161938E+01  -.212004E-01  0.01309168
   0.7650  0.162025E+01  -.205842E-01  0.01270438
   0.7700  0.162116E+01  -.199771E-01  0.01232274
   0.7750  0.162203E+01  -.193786E-01  0.01194716
   0.7800  0.162301E+01  -.187888E-01  0.01157654
   0.7850  0.162385E+01  -.182070E-01  0.01121224
   0.7900  0.162471E+01  -.176332E-01  0.01085315
   0.7950  0.162569E+01  -.170674E-01  0.01049855
   0.8000  0.162657E+01  -.165090E-01  0.01014958
   0.8050  0.162732E+01  -.160151E-01  0.00984135
   0.8100  0.162808E+01  -.155282E-01  0.00953774
   0.8150  0.162884E+01  -.150482E-01  0.00923863
   0.8200  0.162960E+01  -.145749E-01  0.00894384
   0.8250  0.163039E+01  -.141081E-01  0.00865325
   0.8300  0.163118E+01  -.136477E-01  0.00836676
   0.8350  0.163197E+01  -.131935E-01  0.00808439
   0.8400  0.163276E+01  -.127453E-01  0.00780598
   0.8450  0.163357E+01  -.123030E-01  0.00753137
   0.8500  0.163438E+01  -.118664E-01  0.00726049
   0.8550  0.146358E+01  -.119855E-01  0.00818913
   0.8600  0.133789E+01  -.121137E-01  0.00905437
   0.8650  0.123935E+01  -.122480E-01  0.00988261
   0.8700  0.115872E+01  -.123866E-01  0.01068982
   0.8750  0.109072E+01  -.125284E-01  0.01148634
   0.8800  0.103205E+01  -.126729E-01  0.01227930
   0.8850  0.980564E+00  -.128195E-01  0.01307358
   0.8900  0.934756E+00  -.129676E-01  0.01387268
   0.8950  0.893560E+00  -.131170E-01  0.01467951
   0.9000  0.856180E+00  -.132676E-01  0.01549625
   0.9050  0.858347E+00  -.130439E-01  0.01519658
   0.9100  0.860532E+00  -.128236E-01  0.01490192
   0.9150  0.862735E+00  -.126063E-01  0.01461202
   0.9200  0.864955E+00  -.123920E-01  0.01432675
   0.9250  0.867193E+00  -.121807E-01  0.01404614
   0.9300  0.869449E+00  -.119723E-01  0.01377000
   0.9350  0.871723E+00  -.117667E-01  0.01349823
   0.9400  0.874014E+00  -.115638E-01  0.01323072
   0.9450  0.876323E+00  -.113634E-01  0.01296719
   0.9500  0.878650E+00  -.111656E-01  0.01270768
   0.9550  0.880615E+00  -.110111E-01  0.01250383
   0.9600  0.882597E+00  -.108588E-01  0.01230326
   0.9650  0.884595E+00  -.107088E-01  0.01210588
   0.9700  0.886610E+00  -.105609E-01  0.01191161
   0.9750  0.888641E+00  -.104152E-01  0.01172038
   0.9800  0.890688E+00  -.102715E-01  0.01153210
   0.9850  0.892753E+00  -.101297E-01  0.01134660
   0.9900  0.894833E+00  -.999001E-02  0.01116411
   0.9950  0.896930E+00  -.985211E-02  0.01098426
   1.0000  0.899044E+00  -.971603E-02  0.01080707
   1.0050  0.900818E+00  -.961533E-02  0.01067400
   1.0100  0.902607E+00  -.951626E-02  0.01054308
   1.0150  0.904412E+00  -.941877E-02  0.01041425
   1.0200  0.906232E+00  -.932282E-02  0.01028746
   1.0250  0.908066E+00  -.922856E-02  0.01016287
   1.0300  0.909918E+00  -.913556E-02  0.01003999
   1.0350  0.911784E+00  -.904420E-02  0.00991924
   1.0400  0.913666E+00  -.895396E-02  0.00980004
   1.0450  0.915564E+00  -.886506E-02  0.00968261
   1.0500  0.917479E+00  -.877745E-02  0.00956692
   1.0550  0.917389E+00  -.872131E-02  0.00950666
   1.0600  0.917302E+00  -.866646E-02  0.00944778
   1.0650  0.917216E+00  -.861287E-02  0.00939023
   1.0700  0.917133E+00  -.856050E-02  0.00933399
   1.0750  0.917051E+00  -.850933E-02  0.00927901
   1.0800  0.916971E+00  -.845931E-02  0.00922527
   1.0850  0.916893E+00  -.841042E-02  0.00917273
   1.0900  0.916817E+00  -.836262E-02  0.00912137
   1.0950  0.916742E+00  -.831590E-02  0.00907114
   1.1000  0.916669E+00  -.827021E-02  0.00902202
