   0.3000  0.139650E+01  -.203918E+00  0.14602110
   0.3050  0.138248E+01  -.200264E+00  0.14485799
   0.3100  0.136915E+01  -.196502E+00  0.14352075
   0.3150  0.135642E+01  -.192755E+00  0.14210500
   0.3200  0.134434E+01  -.188938E+00  0.14054292
   0.3250  0.133288E+01  -.185070E+00  0.13885014
   0.3300  0.132201E+01  -.181172E+00  0.13704327
   0.3350  0.131177E+01  -.177184E+00  0.13507232
   0.3400  0.130208E+01  -.173207E+00  0.13302377
   0.3450  0.129286E+01  -.169327E+00  0.13097079
   0.3500  0.128414E+01  -.165476E+00  0.12886076
   0.3550  0.127592E+01  -.161596E+00  0.12665023
   0.3600  0.126816E+01  -.157772E+00  0.12441054
   0.3650  0.126083E+01  -.154011E+00  0.12215046
   0.3700  0.125392E+01  -.150315E+00  0.11987631
   0.3750  0.124736E+01  -.146742E+00  0.11764178
   0.3800  0.124119E+01  -.143239E+00  0.11540465
   0.3850  0.123541E+01  -.139768E+00  0.11313469
   0.3900  0.122999E+01  -.136382E+00  0.11088068
   0.3950  0.122489E+01  -.133077E+00  0.10864465
   0.4000  0.122010E+01  -.129857E+00  0.10643184
   0.4050  0.121540E+01  -.126722E+00  0.10426341
   0.4100  0.121197E+01  -.123669E+00  0.10203995
   0.4150  0.120762E+01  -.120699E+00  0.09994768
   0.4200  0.120386E+01  -.117811E+00  0.09786124
   0.4250  0.120053E+01  -.115003E+00  0.09579358
   0.4300  0.119742E+01  -.112273E+00  0.09376277
   0.4350  0.119387E+01  -.109620E+00  0.09181836
   0.4400  0.119153E+01  -.107043E+00  0.08983615
   0.4450  0.118903E+01  -.104539E+00  0.08791994
   0.4500  0.118607E+01  -.102105E+00  0.08608741
   0.4550  0.118452E+01  -.996977E-01  0.08416695
   0.4600  0.118261E+01  -.973555E-01  0.08232261
   0.4650  0.118055E+01  -.950773E-01  0.08053628
   0.4700  0.117972E+01  -.928627E-01  0.07871588
   0.4750  0.117729E+01  -.907062E-01  0.07704650
   0.4800  0.117541E+01  -.886095E-01  0.07538590
   0.4850  0.117447E+01  -.865705E-01  0.07371055
   0.4900  0.117333E+01  -.845844E-01  0.07208900
   0.4950  0.117201E+01  -.826532E-01  0.07052252
   0.5000  0.117180E+01  -.807743E-01  0.06893180
   0.5050  0.117078E+01  -.788975E-01  0.06738872
   0.5100  0.116989E+01  -.770683E-01  0.06587649
   0.5150  0.116977E+01  -.752847E-01  0.06435879
   0.5200  0.116908E+01  -.735455E-01  0.06290876
   0.5250  0.116931E+01  -.718502E-01  0.06144673
   0.5300  0.116833E+01  -.701949E-01  0.06008146
   0.5350  0.116886E+01  -.685797E-01  0.05867250
   0.5400  0.116887E+01  -.670035E-01  0.05732348
   0.5450  0.116874E+01  -.654643E-01  0.05601246
   0.5500  0.116937E+01  -.639612E-01  0.05469712
   0.5550  0.116944E+01  -.624740E-01  0.05342219
   0.5600  0.116972E+01  -.610190E-01  0.05216562
   0.5650  0.117010E+01  -.595972E-01  0.05093352
   0.5700  0.117054E+01  -.582065E-01  0.04972629
   0.5750  0.117127E+01  -.568459E-01  0.04853342
   0.5800  0.117185E+01  -.555126E-01  0.04737197
   0.5850  0.117270E+01  -.542088E-01  0.04622583
   0.5900  0.117329E+01  -.529316E-01  0.04511385
   0.5950  0.117412E+01  -.516804E-01  0.04401616
   0.6000  0.117434E+01  -.504539E-01  0.04296368
   0.6050  0.117554E+01  -.492414E-01  0.04188822
   0.6100  0.117630E+01  -.480522E-01  0.04085038
   0.6150  0.117743E+01  -.468860E-01  0.03982057
   0.6200  0.117827E+01  -.457420E-01  0.03882116
   0.6250  0.117926E+01  -.446195E-01  0.03783674
   0.6300  0.118033E+01  -.435177E-01  0.03686900
   0.6350  0.118157E+01  -.424361E-01  0.03591509
   0.6400  0.118215E+01  -.413733E-01  0.03499828
   0.6450  0.118342E+01  -.403297E-01  0.03407906
   0.6500  0.118479E+01  -.393043E-01  0.03317415
   0.6550  0.118561E+01  -.383142E-01  0.03231609
   0.6600  0.118715E+01  -.373420E-01  0.03145519
   0.6650  0.118814E+01  -.363862E-01  0.03062435
   0.6700  0.118956E+01  -.354468E-01  0.02979834
   0.6750  0.119096E+01  -.345233E-01  0.02898770
   0.6800  0.119204E+01  -.336146E-01  0.02819930
   0.6850  0.119335E+01  -.327210E-01  0.02741955
   0.6900  0.119408E+01  -.318412E-01  0.02666587
   0.6950  0.119556E+01  -.309759E-01  0.02590914
   0.7000  0.119747E+01  -.301243E-01  0.02515657
   0.7050  0.119806E+01  -.293217E-01  0.02447437
   0.7100  0.120000E+01  -.285331E-01  0.02377757
   0.7150  0.120104E+01  -.277563E-01  0.02311021
   0.7200  0.120174E+01  -.269913E-01  0.02246027
   0.7250  0.120363E+01  -.262390E-01  0.02179994
   0.7300  0.120496E+01  -.254977E-01  0.02116058
   0.7350  0.120640E+01  -.247675E-01  0.02053009
   0.7400  0.120785E+01  -.240482E-01  0.01990984
   0.7450  0.120908E+01  -.233391E-01  0.01930314
   0.7500  0.121030E+01  -.226402E-01  0.01870630
   0.7550  0.121170E+01  -.220015E-01  0.01815752
   0.7600  0.121277E+01  -.213722E-01  0.01762264
   0.7650  0.121392E+01  -.207523E-01  0.01709530
   0.7700  0.121529E+01  -.201418E-01  0.01657361
   0.7750  0.121644E+01  -.195398E-01  0.01606317
   0.7800  0.121812E+01  -.189469E-01  0.01555420
   0.7850  0.121911E+01  -.183618E-01  0.01506161
   0.7900  0.122018E+01  -.177848E-01  0.01457550
   0.7950  0.122187E+01  -.172162E-01  0.01409008
   0.8000  0.122302E+01  -.166549E-01  0.01361787
   0.8050  0.122402E+01  -.161580E-01  0.01320077
   0.8100  0.122503E+01  -.156683E-01  0.01279015
   0.8150  0.122604E+01  -.151856E-01  0.01238583
   0.8200  0.122707E+01  -.147095E-01  0.01198759
   0.8250  0.122822E+01  -.142403E-01  0.01159426
   0.8300  0.122939E+01  -.137775E-01  0.01120678
   0.8350  0.123055E+01  -.133209E-01  0.01082518
   0.8400  0.123172E+01  -.128705E-01  0.01044921
   0.8450  0.123296E+01  -.124261E-01  0.01007822
   0.8500  0.123421E+01  -.119874E-01  0.00971261
   0.8550  0.117597E+01  -.121148E-01  0.01030198
   0.8600  0.112267E+01  -.122456E-01  0.01090762
   0.8650  0.107363E+01  -.123794E-01  0.01153044
   0.8700  0.102840E+01  -.125158E-01  0.01217022
   0.8750  0.986531E+00  -.126545E-01  0.01282731
   0.8800  0.947660E+00  -.127954E-01  0.01350213
   0.8850  0.911417E+00  -.129381E-01  0.01419559
   0.8900  0.877583E+00  -.130822E-01  0.01490706
   0.8950  0.845918E+00  -.132276E-01  0.01563698
   0.9000  0.816214E+00  -.133742E-01  0.01638565
   0.9050  0.818143E+00  -.131485E-01  0.01607120
   0.9100  0.820088E+00  -.129262E-01  0.01576201
   0.9150  0.822047E+00  -.127070E-01  0.01545781
   0.9200  0.824021E+00  -.124909E-01  0.01515847
   0.9250  0.825952E+00  -.122778E-01  0.01486501
   0.9300  0.827898E+00  -.120676E-01  0.01457620
   0.9350  0.829858E+00  -.118603E-01  0.01429193
   0.9400  0.831833E+00  -.116557E-01  0.01401209
   0.9450  0.833824E+00  -.114537E-01  0.01373634
   0.9500  0.835829E+00  -.112543E-01  0.01346478
   0.9550  0.837499E+00  -.110982E-01  0.01325155
   0.9600  0.839182E+00  -.109444E-01  0.01304175
   0.9650  0.840895E+00  -.107929E-01  0.01283502
   0.9700  0.842622E+00  -.106436E-01  0.01263156
   0.9750  0.844362E+00  -.104965E-01  0.01243128
   0.9800  0.846115E+00  -.103514E-01  0.01223409
   0.9850  0.847861E+00  -.102083E-01  0.01204008
   0.9900  0.849621E+00  -.100673E-01  0.01184920
   0.9950  0.851393E+00  -.992817E-02  0.01166108
   1.0000  0.853178E+00  -.979086E-02  0.01147575
   1.0050  0.854670E+00  -.968896E-02  0.01133649
   1.0100  0.856174E+00  -.958873E-02  0.01119952
   1.0150  0.857689E+00  -.949011E-02  0.01106475
   1.0200  0.859216E+00  -.939306E-02  0.01093213
   1.0250  0.860752E+00  -.929772E-02  0.01080185
   1.0300  0.862302E+00  -.920367E-02  0.01067337
   1.0350  0.863862E+00  -.911128E-02  0.01054715
   1.0400  0.865434E+00  -.902005E-02  0.01042257
   1.0450  0.867019E+00  -.893016E-02  0.01029985
   1.0500  0.868614E+00  -.884161E-02  0.01017898
   1.0550  0.868517E+00  -.878469E-02  0.01011459
   1.0600  0.868422E+00  -.872908E-02  0.01005166
   1.0650  0.868349E+00  -.867476E-02  0.00998995
   1.0700  0.868279E+00  -.862168E-02  0.00992962
   1.0750  0.868211E+00  -.856981E-02  0.00987065
   1.0800  0.868145E+00  -.851911E-02  0.00981300
   1.0850  0.868037E+00  -.846953E-02  0.00975710
   1.0900  0.867931E+00  -.842106E-02  0.00970245
   1.0950  0.867827E+00  -.837368E-02  0.00964902
   1.1000  0.867725E+00  -.832735E-02  0.00959676
