   0.3000  0.105025E+01  -.212434E+00  0.20226892
   0.3050  0.101753E+01  -.208949E+00  0.20534923
   0.3100  0.985687E+00  -.205233E+00  0.20821299
   0.3150  0.954570E+00  -.201425E+00  0.21101170
   0.3200  0.924370E+00  -.197429E+00  0.21358209
   0.3250  0.895095E+00  -.193270E+00  0.21592081
   0.3300  0.866746E+00  -.188975E+00  0.21802862
   0.3350  0.839487E+00  -.184482E+00  0.21975593
   0.3400  0.813142E+00  -.179918E+00  0.22126233
   0.3450  0.787543E+00  -.175386E+00  0.22270054
   0.3500  0.762843E+00  -.170820E+00  0.22392526
   0.3550  0.739180E+00  -.166169E+00  0.22480110
   0.3600  0.716380E+00  -.161532E+00  0.22548315
   0.3650  0.694422E+00  -.156924E+00  0.22597760
   0.3700  0.673285E+00  -.152357E+00  0.22628858
   0.3750  0.652812E+00  -.147901E+00  0.22655930
   0.3800  0.633123E+00  -.143503E+00  0.22665952
   0.3850  0.614329E+00  -.139130E+00  0.22647467
   0.3900  0.596270E+00  -.134843E+00  0.22614417
   0.3950  0.578918E+00  -.130645E+00  0.22567025
   0.4000  0.562252E+00  -.126542E+00  0.22506313
   0.4050  0.551302E+00  -.122546E+00  0.22228395
   0.4100  0.542251E+00  -.118649E+00  0.21880893
   0.4150  0.536235E+00  -.114858E+00  0.21419435
   0.4200  0.529482E+00  -.111172E+00  0.20996453
   0.4250  0.530366E+00  -.107593E+00  0.20286584
   0.4300  0.523877E+00  -.104116E+00  0.19874168
   0.4350  0.523901E+00  -.100745E+00  0.19229837
   0.4400  0.529667E+00  -.974800E-01  0.18404015
   0.4450  0.524184E+00  -.943145E-01  0.17992644
   0.4500  0.519636E+00  -.912495E-01  0.17560263
   0.4550  0.520909E+00  -.882868E-01  0.16948609
   0.4600  0.523120E+00  -.854219E-01  0.16329312
   0.4650  0.521212E+00  -.826516E-01  0.15857577
   0.4700  0.522576E+00  -.799747E-01  0.15303948
   0.4750  0.519030E+00  -.773877E-01  0.14910060
   0.4800  0.517187E+00  -.748901E-01  0.14480281
   0.4850  0.523421E+00  -.724793E-01  0.13847226
   0.4900  0.522967E+00  -.701499E-01  0.13413833
   0.4950  0.530300E+00  -.679046E-01  0.12804936
   0.5000  0.530307E+00  -.657368E-01  0.12395981
   0.5050  0.536630E+00  -.636439E-01  0.11859930
   0.5100  0.543005E+00  -.616243E-01  0.11348740
   0.5150  0.548850E+00  -.596754E-01  0.10872804
   0.5200  0.558970E+00  -.577966E-01  0.10339845
   0.5250  0.560288E+00  -.559827E-01  0.09991775
   0.5300  0.574597E+00  -.542351E-01  0.09438805
   0.5350  0.584202E+00  -.525479E-01  0.08994808
   0.5400  0.590098E+00  -.509208E-01  0.08629209
   0.5450  0.603107E+00  -.493518E-01  0.08182937
   0.5500  0.613029E+00  -.478378E-01  0.07803510
   0.5550  0.619275E+00  -.463770E-01  0.07488917
   0.5600  0.642827E+00  -.449681E-01  0.06995368
   0.5650  0.650624E+00  -.436087E-01  0.06702589
   0.5700  0.664546E+00  -.422973E-01  0.06364836
   0.5750  0.674104E+00  -.410313E-01  0.06086792
   0.5800  0.682849E+00  -.398081E-01  0.05829705
   0.5850  0.690206E+00  -.386285E-01  0.05596657
   0.5900  0.701257E+00  -.374897E-01  0.05346064
   0.5950  0.706341E+00  -.363897E-01  0.05151865
   0.6000  0.711361E+00  -.353267E-01  0.04966082
   0.6050  0.718451E+00  -.343009E-01  0.04774288
   0.6100  0.718641E+00  -.333098E-01  0.04635113
   0.6150  0.718521E+00  -.323523E-01  0.04502620
   0.6200  0.724843E+00  -.314277E-01  0.04335791
   0.6250  0.727046E+00  -.305341E-01  0.04199747
   0.6300  0.727726E+00  -.296706E-01  0.04077159
   0.6350  0.730287E+00  -.288360E-01  0.03948592
   0.6400  0.739707E+00  -.280294E-01  0.03789262
   0.6450  0.742444E+00  -.272496E-01  0.03670254
   0.6500  0.755107E+00  -.264959E-01  0.03508887
   0.6550  0.745383E+00  -.257663E-01  0.03456784
   0.6600  0.754837E+00  -.250612E-01  0.03320081
   0.6650  0.750620E+00  -.243788E-01  0.03247818
   0.6700  0.752763E+00  -.237187E-01  0.03150892
   0.6750  0.764392E+00  -.230803E-01  0.03019435
   0.6800  0.779841E+00  -.224626E-01  0.02880405
   0.6850  0.771378E+00  -.218640E-01  0.02834412
   0.6900  0.775471E+00  -.212849E-01  0.02744775
   0.6950  0.781297E+00  -.207243E-01  0.02652547
   0.7000  0.786047E+00  -.201813E-01  0.02567449
   0.7050  0.791312E+00  -.196555E-01  0.02483916
   0.7100  0.795473E+00  -.191462E-01  0.02406889
   0.7150  0.800097E+00  -.186527E-01  0.02331305
   0.7200  0.805864E+00  -.181746E-01  0.02255292
   0.7250  0.805459E+00  -.177111E-01  0.02198886
   0.7300  0.817961E+00  -.172622E-01  0.02110391
   0.7350  0.816244E+00  -.168267E-01  0.02061480
   0.7400  0.825071E+00  -.164047E-01  0.01988277
   0.7450  0.827649E+00  -.159954E-01  0.01932627
   0.7500  0.825759E+00  -.155983E-01  0.01888968
   0.7550  0.828459E+00  -.152133E-01  0.01836341
   0.7600  0.832528E+00  -.148398E-01  0.01782504
   0.7650  0.842536E+00  -.144776E-01  0.01718331
   0.7700  0.845512E+00  -.141259E-01  0.01670690
   0.7750  0.846328E+00  -.137845E-01  0.01628748
   0.7800  0.852652E+00  -.134533E-01  0.01577815
   0.7850  0.849220E+00  -.131316E-01  0.01546308
   0.7900  0.839428E+00  -.128191E-01  0.01527125
   0.7950  0.851266E+00  -.125159E-01  0.01470271
   0.8000  0.860309E+00  -.122214E-01  0.01420587
   0.8050  0.859229E+00  -.119352E-01  0.01389063
   0.8100  0.858165E+00  -.116572E-01  0.01358387
   0.8150  0.857116E+00  -.113871E-01  0.01328532
   0.8200  0.856081E+00  -.111245E-01  0.01299472
   0.8250  0.855196E+00  -.108694E-01  0.01270982
   0.8300  0.854324E+00  -.106214E-01  0.01243247
   0.8350  0.853466E+00  -.103803E-01  0.01216246
   0.8400  0.852621E+00  -.101458E-01  0.01189956
   0.8450  0.851281E+00  -.991783E-02  0.01165048
   0.8500  0.849952E+00  -.969610E-02  0.01140782
   0.8550  0.848635E+00  -.948042E-02  0.01117137
   0.8600  0.847330E+00  -.927061E-02  0.01094097
   0.8650  0.846375E+00  -.906647E-02  0.01071212
   0.8700  0.845430E+00  -.886782E-02  0.01048912
   0.8750  0.844496E+00  -.867450E-02  0.01027180
   0.8800  0.843572E+00  -.848633E-02  0.01005999
   0.8850  0.843248E+00  -.830315E-02  0.00984663
   0.8900  0.842934E+00  -.812482E-02  0.00963874
   0.8950  0.842629E+00  -.795117E-02  0.00943615
   0.9000  0.842333E+00  -.778207E-02  0.00923871
   0.9050  0.842974E+00  -.761737E-02  0.00903631
   0.9100  0.843623E+00  -.745695E-02  0.00883920
   0.9150  0.844281E+00  -.730067E-02  0.00864720
   0.9200  0.844948E+00  -.714840E-02  0.00846016
   0.9250  0.847033E+00  -.700003E-02  0.00826417
   0.9300  0.849127E+00  -.685543E-02  0.00807351
   0.9350  0.851228E+00  -.671450E-02  0.00788802
   0.9400  0.853338E+00  -.657712E-02  0.00770753
   0.9450  0.855322E+00  -.644320E-02  0.00753306
   0.9500  0.857315E+00  -.631262E-02  0.00736324
   0.9550  0.859314E+00  -.618528E-02  0.00719793
   0.9600  0.861320E+00  -.606111E-02  0.00703700
   0.9650  0.861675E+00  -.593998E-02  0.00689353
   0.9700  0.862036E+00  -.582183E-02  0.00675358
   0.9750  0.862403E+00  -.570657E-02  0.00661706
   0.9800  0.862776E+00  -.559411E-02  0.00648385
   0.9850  0.865250E+00  -.548439E-02  0.00633850
   0.9900  0.867730E+00  -.537731E-02  0.00619698
   0.9950  0.870215E+00  -.527280E-02  0.00605919
   1.0000  0.872706E+00  -.517078E-02  0.00592500
   1.0050  0.875664E+00  -.507120E-02  0.00579126
   1.0100  0.878627E+00  -.497398E-02  0.00566108
   1.0150  0.881595E+00  -.487905E-02  0.00553434
   1.0200  0.884569E+00  -.478635E-02  0.00541094
   1.0250  0.888192E+00  -.469582E-02  0.00528694
   1.0300  0.891820E+00  -.460739E-02  0.00516628
   1.0350  0.895452E+00  -.452102E-02  0.00504887
   1.0400  0.899089E+00  -.443664E-02  0.00493460
   1.0450  0.899064E+00  -.435420E-02  0.00484303
   1.0500  0.899043E+00  -.427364E-02  0.00475354
   1.0550  0.899026E+00  -.419491E-02  0.00466607
   1.0600  0.899012E+00  -.411798E-02  0.00458056
   1.0650  0.898227E+00  -.404278E-02  0.00450084
   1.0700  0.897446E+00  -.396927E-02  0.00442285
   1.0750  0.896669E+00  -.389742E-02  0.00434655
   1.0800  0.895894E+00  -.382716E-02  0.00427189
   1.0850  0.900319E+00  -.375848E-02  0.00417461
   1.0900  0.904747E+00  -.369132E-02  0.00407994
   1.0950  0.909179E+00  -.362563E-02  0.00398781
   1.1000  0.913614E+00  -.356139E-02  0.00389814
