   0.3000  0.165329E+01  -.202520E+00  0.12249471
   0.3050  0.164841E+01  -.198795E+00  0.12059793
   0.3100  0.164383E+01  -.194973E+00  0.11860925
   0.3150  0.163952E+01  -.191175E+00  0.11660399
   0.3200  0.163548E+01  -.187317E+00  0.11453312
   0.3250  0.163169E+01  -.183419E+00  0.11241015
   0.3300  0.162814E+01  -.179500E+00  0.11024863
   0.3350  0.162481E+01  -.175501E+00  0.10801288
   0.3400  0.162170E+01  -.171521E+00  0.10576650
   0.3450  0.161877E+01  -.167643E+00  0.10356173
   0.3500  0.161603E+01  -.163800E+00  0.10135943
   0.3550  0.161326E+01  -.159936E+00  0.09913812
   0.3600  0.161066E+01  -.156132E+00  0.09693699
   0.3650  0.160821E+01  -.152395E+00  0.09476064
   0.3700  0.160592E+01  -.148727E+00  0.09261172
   0.3750  0.160376E+01  -.145182E+00  0.09052642
   0.3800  0.160173E+01  -.141710E+00  0.08847309
   0.3850  0.159985E+01  -.138274E+00  0.08642917
   0.3900  0.159810E+01  -.134923E+00  0.08442710
   0.3950  0.159648E+01  -.131656E+00  0.08246633
   0.4000  0.159497E+01  -.128473E+00  0.08054890
   0.4050  0.159380E+01  -.125376E+00  0.07866443
   0.4100  0.159282E+01  -.122360E+00  0.07682013
   0.4150  0.159208E+01  -.119429E+00  0.07501440
   0.4200  0.159134E+01  -.116579E+00  0.07325812
   0.4250  0.159114E+01  -.113809E+00  0.07152676
   0.4300  0.159052E+01  -.111116E+00  0.06986181
   0.4350  0.159034E+01  -.108500E+00  0.06822422
   0.4400  0.159057E+01  -.105959E+00  0.06661708
   0.4450  0.159015E+01  -.103491E+00  0.06508261
   0.4500  0.158982E+01  -.101092E+00  0.06358696
   0.4550  0.158995E+01  -.987170E-01  0.06208799
   0.4600  0.159018E+01  -.964075E-01  0.06062668
   0.4650  0.159020E+01  -.941611E-01  0.05921327
   0.4700  0.159046E+01  -.919764E-01  0.05783018
   0.4750  0.159046E+01  -.898505E-01  0.05649350
   0.4800  0.159060E+01  -.877829E-01  0.05518869
   0.4850  0.159125E+01  -.857719E-01  0.05390224
   0.4900  0.159154E+01  -.838128E-01  0.05266141
   0.4950  0.159233E+01  -.819084E-01  0.05143944
   0.5000  0.159271E+01  -.800541E-01  0.05026277
   0.5050  0.159348E+01  -.782021E-01  0.04907628
   0.5100  0.159428E+01  -.763968E-01  0.04791927
   0.5150  0.159508E+01  -.746356E-01  0.04679117
   0.5200  0.159616E+01  -.729189E-01  0.04568400
   0.5250  0.159674E+01  -.712439E-01  0.04461834
   0.5300  0.159812E+01  -.696102E-01  0.04355750
   0.5350  0.159925E+01  -.680142E-01  0.04252890
   0.5400  0.160018E+01  -.664569E-01  0.04153102
   0.5450  0.160156E+01  -.649364E-01  0.04054580
   0.5500  0.160277E+01  -.634506E-01  0.03958801
   0.5550  0.160383E+01  -.619805E-01  0.03864541
   0.5600  0.160596E+01  -.605427E-01  0.03769871
   0.5650  0.160715E+01  -.591367E-01  0.03679596
   0.5700  0.160874E+01  -.577615E-01  0.03590475
   0.5750  0.161008E+01  -.564154E-01  0.03503887
   0.5800  0.161138E+01  -.550963E-01  0.03419190
   0.5850  0.161262E+01  -.538058E-01  0.03336553
   0.5900  0.161410E+01  -.525419E-01  0.03255180
   0.5950  0.161522E+01  -.513030E-01  0.03176225
   0.6000  0.161635E+01  -.500889E-01  0.03098895
   0.6050  0.161761E+01  -.488876E-01  0.03022210
   0.6100  0.161845E+01  -.477094E-01  0.02947849
   0.6150  0.161927E+01  -.465534E-01  0.02874954
   0.6200  0.162052E+01  -.454197E-01  0.02802782
   0.6250  0.162152E+01  -.443070E-01  0.02732434
   0.6300  0.162243E+01  -.432144E-01  0.02663561
   0.6350  0.162347E+01  -.421417E-01  0.02595778
   0.6400  0.162496E+01  -.410883E-01  0.02528583
   0.6450  0.162602E+01  -.400531E-01  0.02463253
   0.6500  0.162773E+01  -.390361E-01  0.02398185
   0.6550  0.162799E+01  -.380534E-01  0.02337452
   0.6600  0.162947E+01  -.370888E-01  0.02276128
   0.6650  0.163009E+01  -.361400E-01  0.02217054
   0.6700  0.163112E+01  -.352074E-01  0.02158483
   0.6750  0.163276E+01  -.342909E-01  0.02100187
   0.6800  0.163465E+01  -.333896E-01  0.02042619
   0.6850  0.163502E+01  -.325016E-01  0.01987849
   0.6900  0.163619E+01  -.316284E-01  0.01933052
   0.6950  0.163748E+01  -.307689E-01  0.01879039
   0.7000  0.163870E+01  -.299226E-01  0.01825988
   0.7050  0.163989E+01  -.291261E-01  0.01776104
   0.7100  0.164101E+01  -.283423E-01  0.01727130
   0.7150  0.164216E+01  -.275709E-01  0.01678942
   0.7200  0.164339E+01  -.268115E-01  0.01631477
   0.7250  0.164423E+01  -.260633E-01  0.01585141
   0.7300  0.164589E+01  -.253271E-01  0.01538806
   0.7350  0.164665E+01  -.246010E-01  0.01494003
   0.7400  0.164808E+01  -.238861E-01  0.01449326
   0.7450  0.164912E+01  -.231812E-01  0.01405670
   0.7500  0.164987E+01  -.224861E-01  0.01362901
   0.7550  0.165082E+01  -.218513E-01  0.01323661
   0.7600  0.165186E+01  -.212259E-01  0.01284975
   0.7650  0.165328E+01  -.206102E-01  0.01246625
   0.7700  0.165425E+01  -.200031E-01  0.01209195
   0.7750  0.165508E+01  -.194045E-01  0.01172421
   0.7800  0.165627E+01  -.188148E-01  0.01135973
   0.7850  0.165683E+01  -.182327E-01  0.01100455
   0.7900  0.165700E+01  -.176584E-01  0.01065682
   0.7950  0.165854E+01  -.170929E-01  0.01030600
   0.8000  0.165990E+01  -.165348E-01  0.00996132
   0.8050  0.166051E+01  -.160407E-01  0.00966015
   0.8100  0.166111E+01  -.155537E-01  0.00936344
   0.8150  0.166172E+01  -.150736E-01  0.00907107
   0.8200  0.166233E+01  -.146001E-01  0.00878288
   0.8250  0.166296E+01  -.141332E-01  0.00849883
   0.8300  0.166359E+01  -.136726E-01  0.00821873
   0.8350  0.166422E+01  -.132182E-01  0.00794261
   0.8400  0.166485E+01  -.127699E-01  0.00767031
   0.8450  0.166545E+01  -.123274E-01  0.00740184
   0.8500  0.166606E+01  -.118906E-01  0.00713696
   0.8550  0.147811E+01  -.119962E-01  0.00811587
   0.8600  0.134525E+01  -.121189E-01  0.00900867
   0.8650  0.124335E+01  -.122507E-01  0.00985295
   0.8700  0.116102E+01  -.123880E-01  0.01066998
   0.8750  0.109209E+01  -.125292E-01  0.01147272
   0.8800  0.103290E+01  -.126734E-01  0.01226975
   0.8850  0.981097E+00  -.128198E-01  0.01306677
   0.8900  0.935102E+00  -.129678E-01  0.01386774
   0.8950  0.893788E+00  -.131171E-01  0.01467588
   0.9000  0.856334E+00  -.132677E-01  0.01549356
   0.9050  0.858502E+00  -.130440E-01  0.01519392
   0.9100  0.860689E+00  -.128237E-01  0.01489929
   0.9150  0.862894E+00  -.126064E-01  0.01460942
   0.9200  0.865116E+00  -.123921E-01  0.01432417
   0.9250  0.867356E+00  -.121808E-01  0.01404359
   0.9300  0.869615E+00  -.119724E-01  0.01376747
   0.9350  0.871891E+00  -.117668E-01  0.01349572
   0.9400  0.874184E+00  -.115639E-01  0.01322823
   0.9450  0.876497E+00  -.113635E-01  0.01296471
   0.9500  0.878826E+00  -.111657E-01  0.01270523
   0.9550  0.880794E+00  -.110111E-01  0.01250139
   0.9600  0.882778E+00  -.108589E-01  0.01230082
   0.9650  0.884778E+00  -.107089E-01  0.01210346
   0.9700  0.886795E+00  -.105610E-01  0.01190921
   0.9750  0.888829E+00  -.104153E-01  0.01171800
   0.9800  0.890879E+00  -.102716E-01  0.01152973
   0.9850  0.892946E+00  -.101298E-01  0.01134425
   0.9900  0.895030E+00  -.999010E-02  0.01116176
   0.9950  0.897130E+00  -.985221E-02  0.01098191
   1.0000  0.899247E+00  -.971613E-02  0.01080473
   1.0050  0.901024E+00  -.961543E-02  0.01067166
   1.0100  0.902817E+00  -.951636E-02  0.01054074
   1.0150  0.904625E+00  -.941887E-02  0.01041191
   1.0200  0.906448E+00  -.932293E-02  0.01028512
   1.0250  0.908287E+00  -.922867E-02  0.01016052
   1.0300  0.910142E+00  -.913567E-02  0.01003763
   1.0350  0.912012E+00  -.904431E-02  0.00991688
   1.0400  0.913898E+00  -.895408E-02  0.00979767
   1.0450  0.915800E+00  -.886517E-02  0.00968025
   1.0500  0.917717E+00  -.877756E-02  0.00956457
   1.0550  0.917627E+00  -.872142E-02  0.00950432
   1.0600  0.917540E+00  -.866658E-02  0.00944545
   1.0650  0.917454E+00  -.861299E-02  0.00938792
   1.0700  0.917370E+00  -.856062E-02  0.00933169
   1.0750  0.917289E+00  -.850944E-02  0.00927674
   1.0800  0.917209E+00  -.845943E-02  0.00922301
   1.0850  0.917132E+00  -.841053E-02  0.00917047
   1.0900  0.917058E+00  -.836274E-02  0.00911910
   1.0950  0.916985E+00  -.831601E-02  0.00906887
   1.1000  0.916913E+00  -.827033E-02  0.00901975
