   0.3000  0.140489E+01  -.203929E+00  0.14515680
   0.3050  0.139120E+01  -.200275E+00  0.14395917
   0.3100  0.137817E+01  -.196514E+00  0.14259025
   0.3150  0.136574E+01  -.192767E+00  0.14114497
   0.3200  0.135393E+01  -.188950E+00  0.13955637
   0.3250  0.134273E+01  -.185083E+00  0.13784010
   0.3300  0.133212E+01  -.181185E+00  0.13601276
   0.3350  0.132211E+01  -.177196E+00  0.13402507
   0.3400  0.131265E+01  -.173220E+00  0.13196263
   0.3450  0.130364E+01  -.169339E+00  0.12989779
   0.3500  0.129512E+01  -.165489E+00  0.12777858
   0.3550  0.128708E+01  -.161609E+00  0.12556239
   0.3600  0.127949E+01  -.157786E+00  0.12331938
   0.3650  0.127232E+01  -.154024E+00  0.12105818
   0.3700  0.126555E+01  -.150329E+00  0.11878498
   0.3750  0.125913E+01  -.146755E+00  0.11655269
   0.3800  0.125308E+01  -.143252E+00  0.11431960
   0.3850  0.124743E+01  -.139781E+00  0.11205582
   0.3900  0.124211E+01  -.136395E+00  0.10980941
   0.3950  0.123710E+01  -.133090E+00  0.10758229
   0.4000  0.123240E+01  -.129870E+00  0.10537954
   0.4050  0.122937E+01  -.126737E+00  0.10309070
   0.4100  0.122692E+01  -.123685E+00  0.10080897
   0.4150  0.122537E+01  -.120717E+00  0.09851540
   0.4200  0.122366E+01  -.117832E+00  0.09629433
   0.4250  0.122406E+01  -.115027E+00  0.09397213
   0.4300  0.122251E+01  -.112299E+00  0.09185937
   0.4350  0.122275E+01  -.109649E+00  0.08967422
   0.4400  0.122455E+01  -.107076E+00  0.08744133
   0.4450  0.122338E+01  -.104574E+00  0.08547914
   0.4500  0.122251E+01  -.102142E+00  0.08355083
   0.4550  0.122328E+01  -.997359E-01  0.08153162
   0.4600  0.122432E+01  -.973965E-01  0.07955116
   0.4650  0.122432E+01  -.951201E-01  0.07769210
   0.4700  0.122520E+01  -.929069E-01  0.07582976
   0.4750  0.122484E+01  -.907522E-01  0.07409325
   0.4800  0.122495E+01  -.886571E-01  0.07237621
   0.4850  0.122717E+01  -.866209E-01  0.07058572
   0.4900  0.122769E+01  -.846361E-01  0.06893905
   0.4950  0.123025E+01  -.827083E-01  0.06722893
   0.5000  0.123094E+01  -.808300E-01  0.06566546
   0.5050  0.123336E+01  -.789561E-01  0.06401733
   0.5100  0.123581E+01  -.771298E-01  0.06241240
   0.5150  0.123814E+01  -.753482E-01  0.06085573
   0.5200  0.124160E+01  -.736125E-01  0.05928831
   0.5250  0.124280E+01  -.719177E-01  0.05786730
   0.5300  0.124739E+01  -.702672E-01  0.05633162
   0.5350  0.125077E+01  -.686544E-01  0.05488971
   0.5400  0.125321E+01  -.670801E-01  0.05352682
   0.5450  0.125752E+01  -.655445E-01  0.05212219
   0.5500  0.126104E+01  -.640438E-01  0.05078644
   0.5550  0.126369E+01  -.625585E-01  0.04950472
   0.5600  0.127094E+01  -.611094E-01  0.04808211
   0.5650  0.127403E+01  -.596896E-01  0.04685105
   0.5700  0.127878E+01  -.583024E-01  0.04559224
   0.5750  0.128237E+01  -.569439E-01  0.04440509
   0.5800  0.128576E+01  -.556128E-01  0.04325276
   0.5850  0.128879E+01  -.543105E-01  0.04214076
   0.5900  0.129283E+01  -.530360E-01  0.04102315
   0.5950  0.129526E+01  -.517858E-01  0.03998106
   0.6000  0.129767E+01  -.505608E-01  0.03896260
   0.6050  0.130070E+01  -.493495E-01  0.03794081
   0.6100  0.130184E+01  -.481602E-01  0.03699405
   0.6150  0.130290E+01  -.469936E-01  0.03606841
   0.6200  0.130573E+01  -.458509E-01  0.03511521
   0.6250  0.130744E+01  -.447287E-01  0.03421098
   0.6300  0.130874E+01  -.436267E-01  0.03333500
   0.6350  0.131055E+01  -.425453E-01  0.03246361
   0.6400  0.131423E+01  -.414847E-01  0.03156571
   0.6450  0.131610E+01  -.404413E-01  0.03072812
   0.6500  0.132068E+01  -.394182E-01  0.02984702
   0.6550  0.131915E+01  -.384258E-01  0.02912934
   0.6600  0.132283E+01  -.374551E-01  0.02831441
   0.6650  0.132281E+01  -.364980E-01  0.02759133
   0.6700  0.132451E+01  -.355586E-01  0.02684656
   0.6750  0.132878E+01  -.346371E-01  0.02606677
   0.6800  0.133411E+01  -.337317E-01  0.02528401
   0.6850  0.133293E+01  -.328357E-01  0.02463427
   0.6900  0.133516E+01  -.319568E-01  0.02393479
   0.6950  0.133786E+01  -.310921E-01  0.02324009
   0.7000  0.134028E+01  -.302406E-01  0.02256299
   0.7050  0.134277E+01  -.294393E-01  0.02192442
   0.7100  0.134495E+01  -.286506E-01  0.02130233
   0.7150  0.134727E+01  -.278746E-01  0.02068971
   0.7200  0.134989E+01  -.271109E-01  0.02008372
   0.7250  0.135084E+01  -.263575E-01  0.01951198
   0.7300  0.135530E+01  -.256184E-01  0.01890245
   0.7350  0.135588E+01  -.248873E-01  0.01835512
   0.7400  0.135933E+01  -.241692E-01  0.01778021
   0.7450  0.136108E+01  -.234603E-01  0.01723647
   0.7500  0.136161E+01  -.227606E-01  0.01671587
   0.7550  0.136330E+01  -.221219E-01  0.01622676
   0.7600  0.136535E+01  -.214931E-01  0.01574184
   0.7650  0.136903E+01  -.208750E-01  0.01524808
   0.7700  0.137078E+01  -.202645E-01  0.01478321
   0.7750  0.137194E+01  -.196623E-01  0.01433176
   0.7800  0.137461E+01  -.190700E-01  0.01387304
   0.7850  0.137461E+01  -.184838E-01  0.01344661
   0.7900  0.137290E+01  -.179045E-01  0.01304134
   0.7950  0.137704E+01  -.173376E-01  0.01259045
   0.8000  0.138044E+01  -.167778E-01  0.01215395
   0.8050  0.138096E+01  -.162803E-01  0.01178917
   0.8100  0.138148E+01  -.157901E-01  0.01142981
   0.8150  0.138201E+01  -.153068E-01  0.01107572
   0.8200  0.138255E+01  -.148302E-01  0.01072671
   0.8250  0.138313E+01  -.143604E-01  0.01038251
   0.8300  0.138372E+01  -.138969E-01  0.01004315
   0.8350  0.138431E+01  -.134398E-01  0.00970863
   0.8400  0.138491E+01  -.129888E-01  0.00937877
   0.8450  0.138538E+01  -.125436E-01  0.00905425
   0.8500  0.138585E+01  -.121041E-01  0.00873406
   0.8550  0.130596E+01  -.122112E-01  0.00935033
   0.8600  0.123474E+01  -.123255E-01  0.00998225
   0.8650  0.117085E+01  -.124458E-01  0.01062971
   0.8700  0.111312E+01  -.125711E-01  0.01129353
   0.8750  0.106068E+01  -.127007E-01  0.01197403
   0.8800  0.101281E+01  -.128339E-01  0.01267165
   0.8850  0.968953E+00  -.129703E-01  0.01338589
   0.8900  0.928562E+00  -.131091E-01  0.01411763
   0.8950  0.891220E+00  -.132501E-01  0.01486732
   0.9000  0.856582E+00  -.133929E-01  0.01563526
   0.9050  0.858635E+00  -.131673E-01  0.01533519
   0.9100  0.860705E+00  -.129451E-01  0.01504013
   0.9150  0.862792E+00  -.127260E-01  0.01474984
   0.9200  0.864895E+00  -.125100E-01  0.01446418
   0.9250  0.867105E+00  -.122971E-01  0.01418176
   0.9300  0.869332E+00  -.120871E-01  0.01390386
   0.9350  0.871576E+00  -.118799E-01  0.01363040
   0.9400  0.873837E+00  -.116755E-01  0.01336125
   0.9450  0.876107E+00  -.114737E-01  0.01309625
   0.9500  0.878393E+00  -.112745E-01  0.01283533
   0.9550  0.880341E+00  -.111186E-01  0.01262984
   0.9600  0.882304E+00  -.109650E-01  0.01242768
   0.9650  0.884172E+00  -.108136E-01  0.01223024
   0.9700  0.886055E+00  -.106645E-01  0.01203593
   0.9750  0.887953E+00  -.105175E-01  0.01184466
   0.9800  0.889866E+00  -.103726E-01  0.01165635
   0.9850  0.891935E+00  -.102297E-01  0.01146909
   0.9900  0.894021E+00  -.100889E-01  0.01128489
   0.9950  0.896122E+00  -.994999E-02  0.01110339
   1.0000  0.898239E+00  -.981291E-02  0.01092461
   1.0050  0.900071E+00  -.971126E-02  0.01078943
   1.0100  0.901919E+00  -.961127E-02  0.01065647
   1.0150  0.903782E+00  -.951290E-02  0.01052566
   1.0200  0.905660E+00  -.941610E-02  0.01039695
   1.0250  0.907598E+00  -.932104E-02  0.01027001
   1.0300  0.909553E+00  -.922726E-02  0.01014484
   1.0350  0.911523E+00  -.913517E-02  0.01002187
   1.0400  0.913510E+00  -.904422E-02  0.00990052
   1.0450  0.915249E+00  -.895450E-02  0.00978368
   1.0500  0.917001E+00  -.886610E-02  0.00966858
   1.0550  0.916919E+00  -.880919E-02  0.00960738
   1.0600  0.916839E+00  -.875358E-02  0.00954757
   1.0650  0.916704E+00  -.869923E-02  0.00948968
   1.0700  0.916572E+00  -.864611E-02  0.00943309
   1.0750  0.916442E+00  -.859420E-02  0.00937778
   1.0800  0.916314E+00  -.854346E-02  0.00932373
   1.0850  0.916563E+00  -.849406E-02  0.00926729
   1.0900  0.916815E+00  -.844577E-02  0.00921208
   1.0950  0.917069E+00  -.839856E-02  0.00915804
   1.1000  0.917326E+00  -.835240E-02  0.00910516
